100
1170 455  160 435  1405 505  800 118  803 791  665 59  708 187  1364 785  229 744  1401 356  1244 320  439 726  1368 616  379 450  773 209  95 267  1363 519  34 756  468 429  1519 286  931 39  92 652  154 756  286 265  1310 695  24 429  1286 778  244 267  971 303  531 144  676 141  1211 750  603 198  29 351  1295 402  276 35  753 241  859 172  976 145  939 815  1375 528  494 520  1405 367  223 750  703 551  98 232  524 817  818 41  405 528  347 638  788 663  771 638  1401 111  775 220  227 785  903 345  1148 421  901 181  1040 389  75 694  503 137  250 543  392 250  865 630  1099 113  884 686  423 813  1148 135  599 371  1130 601  1388 569  1026 43  1198 265  213 117  381 367  1371 667  1223 692  167 95  135 30  1220 509  1299 74  1013 814  606 628  139 499  262 428  831 329  1546 818  1322 35  828 250  544 598  263 180  871 414  949 652  1318 228  1295 817  1119 699  819 273  1275 699  1527 269  528 403  
13
27 63 37 77 93 66 99 19 54 60 74 56 6 
14
5 53 81 21 24 20 95 68 11 98 50 44 49 3 
12
12 53 62 22 17 29 66 58 36 41 30 5 
18
10 18 94 12 33 77 90 49 6 44 43 97 61 95 1 27 70 17 
12
21 59 74 67 50 79 33 5 54 36 84 96 
9
27 1 39 10 84 9 4 2 45 
12
20 47 3 95 9 11 78 82 16 29 7 0 
10
55 94 17 18 8 10 96 6 68 9 
11
60 11 92 87 78 7 41 26 70 18 39 
11
58 10 62 17 57 80 6 5 87 44 7 
15
58 75 3 68 9 5 21 95 18 7 52 46 78 16 49 
13
8 40 59 91 1 63 99 31 6 84 29 52 12 
12
76 2 72 44 3 75 39 52 49 78 92 11 
10
87 39 93 72 18 97 42 78 84 89 
9
44 24 34 55 72 90 76 73 84 
10
76 29 86 74 23 75 50 62 39 89 
15
58 71 44 62 38 47 76 27 6 10 24 29 67 72 20 
12
83 62 2 23 7 9 98 40 44 3 60 22 
19
38 3 43 13 83 72 7 29 59 34 10 74 36 8 68 70 66 88 87 
7
91 44 28 31 33 77 0 
16
58 59 52 38 78 83 6 29 81 91 1 35 34 73 60 16 
12
29 74 4 1 42 90 62 86 10 68 61 83 
13
45 61 78 2 89 66 94 95 48 64 86 17 87 
10
85 95 35 41 17 82 15 98 65 91 
11
80 14 1 83 30 31 29 46 44 16 76 
9
27 60 77 29 65 98 28 33 34 
8
77 82 89 92 8 70 76 44 
12
58 87 25 0 5 42 60 48 37 16 3 66 
10
45 98 94 19 61 84 91 25 57 87 
19
76 21 64 49 20 15 31 39 25 18 2 92 24 75 6 16 11 35 40 
5
42 77 59 24 2 
16
58 69 49 38 29 91 19 11 98 80 74 24 76 86 52 54 
8
59 92 85 43 94 67 89 75 
10
58 88 74 3 54 19 71 4 25 95 
6
75 86 14 18 20 25 
15
23 86 77 99 36 89 61 78 20 95 71 97 29 48 40 
9
35 61 63 94 2 18 55 58 4 
11
76 79 0 43 27 95 64 62 60 90 93 
15
20 18 54 31 96 89 94 16 72 44 45 74 66 53 99 
10
13 92 5 29 85 78 12 87 15 8 
12
58 47 55 11 43 94 57 49 17 78 29 35 
8
23 60 66 72 85 8 2 96 
18
58 76 30 45 70 69 27 98 21 94 84 93 68 13 95 88 64 55 
10
48 40 18 73 3 71 37 82 32 65 
18
14 58 55 16 19 12 62 3 91 1 38 54 77 17 73 24 9 26 
7
42 22 28 61 38 55 5 
7
78 91 10 58 53 24 98 
11
40 84 6 56 64 61 62 54 16 74 60 
7
76 43 88 27 91 22 35 
14
80 31 29 98 88 52 3 78 40 1 12 59 57 10 
10
76 73 56 64 1 99 15 4 96 60 
6
77 56 76 87 68 67 
13
20 84 59 60 49 73 95 68 12 10 66 31 11 
10
85 1 2 63 87 81 89 46 74 38 
10
38 94 33 44 47 66 0 4 80 31 
10
44 89 7 40 71 14 45 72 36 42 
5
50 51 88 47 0 
9
86 78 40 61 60 68 9 28 49 
16
44 20 16 27 33 40 42 31 10 91 9 64 80 2 46 36 
11
20 85 32 52 97 11 4 18 30 70 49 
13
25 8 97 52 27 41 57 50 0 47 37 17 20 
18
22 36 35 70 81 98 57 47 45 28 21 3 80 71 69 85 67 90 
12
89 2 17 44 16 21 9 47 15 37 67 71 
7
0 99 53 36 11 73 85 
11
29 50 58 47 77 83 37 22 42 82 90 
9
69 25 99 82 43 23 93 90 87 
11
93 94 0 22 41 2 54 52 38 18 27 
11
76 80 96 97 4 32 72 51 16 62 61 
13
10 99 70 78 1 52 42 57 80 21 18 51 7 
6
31 65 42 61 92 98 
10
42 61 68 83 59 26 8 18 3 77 
11
16 43 55 77 33 89 61 76 35 62 99 
14
12 86 13 83 18 41 78 38 96 14 81 55 67 16 
13
50 84 90 43 52 96 80 89 63 14 20 93 44 
12
21 33 15 4 76 31 38 18 0 53 47 84 
8
10 34 12 15 89 90 29 32 
18
42 15 67 12 48 29 37 50 81 51 74 14 16 31 71 26 88 24 
13
35 26 51 92 25 3 0 30 64 71 44 19 70 
17
20 46 22 57 87 68 35 8 49 39 72 13 40 6 10 92 12 
6
37 94 4 92 82 99 
11
67 49 24 58 81 68 9 73 31 61 54 
8
89 76 1 20 61 80 53 72 
8
26 23 93 43 65 79 6 64 
9
20 17 72 18 70 64 24 21 84 
13
52 93 73 47 42 5 28 13 11 83 4 14 74 
9
59 23 53 39 32 90 41 63 61 
9
35 57 72 34 21 15 92 22 31 
12
27 13 8 78 53 39 51 9 28 18 65 22 
8
33 56 49 48 89 42 18 76 
16
55 62 81 35 96 38 22 26 88 75 71 73 32 53 13 15 
13
95 73 21 3 85 98 75 14 94 65 37 64 61 
12
58 19 20 93 11 31 46 44 48 94 28 23 
13
77 8 39 32 98 29 79 26 86 94 69 78 12 
11
84 66 13 91 0 82 42 73 97 65 37 
15
79 28 7 66 3 40 54 42 36 38 22 91 32 92 90 
12
23 90 1 52 37 22 10 35 6 3 42 33 
10
67 38 89 73 72 50 7 41 4 98 
8
60 67 59 13 98 3 93 35 
16
28 49 42 61 1 23 92 90 97 17 31 25 69 46 96 99 
11
35 63 68 65 0 50 11 79 71 38 98 