150
322 670  159 726  499 49  162 631  1042 502  713 155  836 393  1225 414  341 396  1210 416  1404 488  1486 649  1443 684  1122 223  278 433  302 618  1245 807  919 224  817 519  848 704  1389 455  1324 189  1537 300  913 391  294 36  1096 441  1257 794  1486 581  794 202  940 606  21 302  321 555  1101 367  62 345  1191 540  852 447  1434 433  1403 444  574 182  1376 787  917 375  587 376  899 217  216 627  1022 671  1397 64  1515 257  918 33  103 278  1447 732  868 33  383 730  659 398  795 808  676 251  1407 540  863 599  919 28  1116 403  1118 166  402 817  82 800  1225 269  638 491  602 243  745 107  696 700  461 449  552 559  619 348  1212 261  81 806  578 61  596 368  1198 761  816 778  253 317  401 317  1269 827  491 552  1518 150  660 688  1239 678  1151 268  275 610  1361 358  622 83  837 830  754 201  855 342  1078 110  559 759  44 364  1453 659  551 776  1332 524  815 76  507 650  1279 741  186 63  388 793  1352 311  747 492  615 522  1166 187  788 385  786 148  1205 375  534 362  516 813  56 228  82 611  1412 483  1482 573  1291 172  1155 637  817 727  218 512  838 99  831 793  1418 53  514 449  294 205  116 21  1171 513  525 678  872 440  123 135  648 192  64 358  1180 126  640 760  744 68  1189 76  1125 590  342 44  546 800  127 677  1265 305  690 209  940 546  1081 362  1063 634  635 209  1548 230  182 401  1456 719  233 97  409 177  1531 791  
14
58 33 53 74 120 148 81 29 80 76 51 111 138 96 
13
86 23 147 114 36 144 38 91 118 93 13 122 69 
15
87 34 80 44 124 31 93 118 4 119 57 84 81 65 20 
13
16 146 142 66 74 17 26 129 103 58 107 126 76 
15
30 15 76 12 82 100 91 111 59 2 78 113 43 16 28 
11
123 36 67 52 82 117 12 59 10 22 102 
18
27 122 58 53 17 144 148 73 88 22 107 10 12 121 39 132 30 138 
14
91 137 92 147 22 29 57 15 37 31 34 93 27 69 
14
34 126 79 56 107 23 87 101 123 18 16 108 53 148 
16
29 149 80 110 22 53 38 88 14 20 129 106 100 117 112 93 
17
93 144 68 107 135 58 20 95 146 128 65 116 114 6 5 119 48 
13
66 69 67 146 82 55 23 88 73 104 47 31 92 
16
35 136 4 110 72 80 58 91 46 5 47 21 6 31 130 109 
10
106 73 71 51 117 1 132 93 103 110 
7
136 82 9 17 43 100 129 
13
4 95 69 126 92 7 138 81 113 64 134 22 39 
19
61 3 42 104 81 85 95 135 148 111 80 49 8 125 98 106 90 4 22 
14
80 112 99 28 39 6 14 3 29 104 76 135 55 19 
16
79 24 47 86 29 63 127 77 57 103 8 59 40 112 69 31 
15
121 83 23 72 74 73 36 124 107 142 55 29 144 69 17 
21
38 107 132 62 10 60 109 36 123 9 25 57 73 84 23 108 41 46 126 145 2 
16
45 66 123 52 74 100 112 133 51 60 109 71 78 12 111 91 
22
39 7 32 123 9 82 146 37 130 119 113 59 74 131 125 50 6 15 5 129 16 61 
16
50 131 144 1 61 19 8 145 11 143 148 20 33 109 140 98 
12
102 103 40 18 139 83 90 140 120 38 28 98 
14
64 104 35 95 42 20 129 28 134 133 126 116 97 81 
11
141 56 144 108 85 3 35 84 120 130 27 
10
82 6 108 149 76 7 69 71 134 26 
15
40 62 112 17 46 44 77 49 25 30 57 24 59 45 4 
22
132 107 81 9 40 131 83 7 18 88 74 33 98 135 17 0 61 126 69 41 19 118 
20
93 42 4 147 138 83 38 39 131 48 52 28 132 137 111 125 148 6 143 110 
13
82 78 93 37 2 136 7 66 18 12 11 141 33 
20
69 138 48 22 51 96 52 49 148 144 101 142 109 103 59 93 71 92 45 136 
14
36 0 44 29 60 102 56 61 109 23 71 31 34 87 
14
2 8 127 122 126 86 78 125 75 46 7 93 55 33 
13
91 121 93 12 25 131 26 43 102 127 66 94 82 
19
5 128 33 82 20 76 78 19 43 1 135 89 73 70 58 67 133 138 90 
10
69 138 51 31 22 7 48 85 135 97 
25
148 144 62 106 20 119 95 98 66 39 9 121 103 30 146 41 86 24 122 1 132 107 94 73 72 
15
57 22 58 63 138 114 38 17 61 30 70 108 6 15 43 
19
87 28 140 117 29 24 139 149 49 89 100 92 122 112 131 62 18 144 118 
17
131 146 87 42 138 38 97 29 67 110 65 99 101 20 100 134 132 
17
30 16 41 92 108 58 25 68 56 59 91 65 51 70 74 109 110 
12
91 131 121 14 36 104 129 73 35 4 39 93 
13
132 147 2 84 33 125 108 81 146 28 120 47 77 
13
69 75 21 58 95 99 76 52 141 47 92 28 32 
15
144 109 146 149 98 82 92 12 28 106 110 34 134 143 20 
15
112 82 79 18 113 74 143 65 137 44 115 12 45 142 11 
10
93 32 71 57 64 37 30 83 10 131 
13
75 54 84 40 53 132 32 50 136 28 128 16 57 
8
89 83 23 77 49 87 22 80 
12
69 90 37 32 108 21 85 13 0 135 42 97 
13
109 5 21 32 69 45 30 127 114 128 70 120 107 
14
140 95 82 9 94 6 0 49 66 69 54 77 134 8 
10
49 83 70 133 102 78 59 53 97 99 
11
66 103 11 82 19 80 132 34 133 17 131 
15
71 130 139 26 108 135 64 8 128 127 42 33 112 95 98 
23
86 39 104 105 147 149 7 122 48 97 128 131 144 20 28 18 117 125 89 2 136 49 77 
16
136 0 39 116 10 6 72 45 12 149 75 42 88 140 36 3 
19
99 114 136 118 22 61 77 74 140 4 42 138 18 5 54 32 143 28 142 
7
123 149 20 33 21 61 115 
23
148 132 16 65 104 121 23 134 142 39 99 145 60 85 59 83 73 29 33 139 117 108 22 
19
38 120 136 20 28 78 149 135 110 134 111 102 106 99 71 40 72 90 82 
11
104 134 65 39 71 120 18 93 64 140 74 
13
82 131 98 25 122 56 66 48 63 147 137 15 118 
16
120 61 63 74 117 47 71 141 119 10 41 42 103 81 109 2 
20
148 87 11 101 82 55 21 99 38 3 121 64 135 92 53 31 94 35 145 106 
16
11 105 5 122 128 140 114 117 85 99 68 41 143 36 96 69 
10
75 10 120 146 71 85 42 67 83 91 
26
11 32 37 45 51 15 82 149 112 114 52 129 109 130 29 139 81 95 53 18 67 27 73 19 7 1 
18
94 145 54 103 90 99 39 36 135 77 95 138 96 104 52 78 42 148 
20
79 112 56 93 72 63 116 118 48 68 13 77 65 119 138 62 21 32 27 33 
20
87 90 84 79 78 71 12 109 58 19 133 74 112 102 138 62 92 101 38 141 
18
89 128 13 19 36 122 117 20 123 61 43 6 136 11 148 69 38 146 
22
125 78 65 47 21 29 19 0 3 22 72 59 118 63 84 115 109 79 122 42 126 92 
13
45 49 68 145 58 104 34 100 109 98 128 99 107 
19
4 142 138 101 36 91 127 88 45 139 0 129 77 27 17 131 3 130 89 
18
121 50 116 59 71 28 118 18 70 76 44 53 105 122 126 134 57 136 
25
31 96 72 62 103 127 74 106 130 123 117 36 112 34 134 120 87 21 54 4 86 121 70 107 128 
16
72 71 18 116 92 47 96 106 138 80 8 102 121 74 147 111 
14
98 17 2 9 12 79 89 0 16 50 55 133 118 110 
16
29 93 90 119 16 148 44 0 15 95 97 69 123 65 2 25 
19
66 64 31 143 27 47 69 36 5 14 53 22 11 46 4 55 95 35 62 
20
50 118 117 19 88 54 146 29 30 24 61 86 68 91 139 122 48 121 109 103 
11
72 91 49 44 138 20 127 26 2 74 118 
18
132 88 106 103 111 61 68 87 26 67 16 129 141 51 37 105 122 137 
20
94 57 100 1 96 118 18 112 34 130 126 113 138 83 107 110 38 104 78 88 
17
66 72 94 40 2 108 41 104 100 85 8 50 78 114 143 92 33 
16
108 85 83 139 9 100 29 76 107 103 58 101 6 11 143 86 
18
112 50 73 99 149 98 145 80 106 40 36 143 140 57 104 107 148 76 
13
72 108 51 81 24 70 140 114 62 132 36 16 138 
18
84 35 129 7 43 142 115 12 125 76 139 83 4 42 1 68 143 21 
18
79 7 134 125 42 46 15 40 66 45 107 87 72 102 32 11 131 74 
24
35 10 30 48 100 31 112 135 71 81 122 115 63 98 2 128 7 1 34 32 111 13 9 43 
11
87 86 70 111 53 103 113 128 66 38 35 
16
15 53 38 10 45 145 25 146 16 81 69 70 82 126 56 106 
11
86 78 79 125 32 128 132 70 67 0 134 
14
144 123 99 141 113 122 57 41 131 81 25 54 37 51 
18
64 80 38 46 126 103 89 29 93 75 143 123 144 16 137 24 23 56 
18
97 59 104 66 89 17 124 61 45 70 67 62 103 41 114 119 75 54 
16
86 93 101 119 21 88 4 144 87 106 40 75 114 14 9 41 
13
66 76 100 148 106 32 115 88 8 125 108 41 72 
16
112 24 142 129 136 62 134 54 33 72 79 35 92 149 5 108 
22
24 55 144 78 85 111 38 98 70 118 149 88 94 99 32 3 18 65 138 122 13 83 
18
57 63 135 61 99 25 16 87 149 144 75 43 126 86 89 17 11 70 
8
57 67 128 134 132 135 85 77 
15
38 13 79 85 78 89 100 46 135 101 62 9 16 95 66 
16
29 20 10 8 130 88 86 19 6 89 92 38 3 75 52 78 
20
90 88 87 56 111 133 42 51 27 26 44 20 141 101 8 39 61 128 136 102 
22
46 52 72 20 149 21 145 147 75 146 69 139 32 33 23 74 129 65 12 83 120 42 
15
111 12 9 62 123 86 46 41 80 127 134 30 13 140 42 
18
135 110 94 137 108 103 85 62 136 4 0 16 114 21 141 93 30 79 
19
71 102 47 89 139 93 69 17 28 21 86 122 78 146 72 40 18 56 9 
14
97 126 144 119 47 22 146 86 127 94 15 135 4 149 
18
122 141 120 69 39 59 1 67 90 100 87 10 52 144 111 99 134 123 
9
132 91 93 60 47 101 74 145 130 
8
79 58 77 71 10 147 25 129 
13
40 83 65 78 5 148 67 73 57 121 13 61 9 
17
127 83 86 71 103 59 136 2 77 74 1 122 64 29 80 40 84 
10
38 113 100 81 22 71 65 2 10 99 
16
62 65 68 114 126 138 63 149 0 44 78 24 26 146 52 109 
14
35 77 19 125 61 43 66 38 133 117 79 6 78 83 
22
64 114 6 67 57 34 93 97 112 73 135 40 38 118 83 131 1 74 77 85 132 103 
19
97 5 60 133 21 130 22 78 20 73 110 8 98 81 146 137 126 142 114 
6
132 2 99 128 19 147 
16
144 74 149 121 96 92 129 44 91 34 139 22 101 57 16 30 
17
136 113 120 15 8 98 34 86 29 104 25 95 123 77 20 3 74 
15
136 118 142 78 34 76 56 84 113 147 18 138 52 110 35 
16
36 73 105 67 10 96 56 57 124 93 75 94 49 52 108 78 
16
91 125 102 69 85 136 43 132 9 25 3 76 109 14 22 116 
12
56 123 78 22 107 86 69 135 26 12 76 115 
17
64 41 43 23 29 149 57 35 22 30 97 40 122 76 92 48 55 
22
61 136 29 85 115 124 44 20 144 49 129 143 105 96 30 55 38 13 90 6 122 41 
10
123 108 21 121 54 72 36 25 80 55 
18
63 92 61 105 62 142 102 78 25 46 15 114 53 27 96 41 110 77 
20
104 111 93 10 56 62 136 66 29 36 106 122 70 16 130 105 51 113 37 17 
21
132 127 58 14 126 12 62 143 59 135 31 118 102 129 111 49 73 57 32 108 77 
9
7 138 111 47 64 30 123 98 85 
22
32 137 76 37 120 39 30 79 84 15 41 86 71 127 72 59 0 36 70 103 90 6 
14
56 112 88 40 24 140 125 76 146 91 109 69 83 61 
12
40 53 67 139 90 59 24 89 63 58 23 110 
11
97 26 114 85 108 65 45 149 111 72 31 
13
127 76 91 3 102 61 134 19 32 47 123 146 59 
14
82 136 47 23 132 89 67 88 98 87 46 59 30 91 
20
38 46 97 125 10 23 103 113 132 26 104 6 57 100 32 1 114 40 98 19 
10
70 75 61 89 95 109 23 20 66 115 
19
46 41 83 3 68 11 10 22 44 113 112 95 109 139 38 123 120 142 73 
12
57 44 7 30 1 109 148 127 64 116 79 124 
17
61 66 38 81 6 117 32 101 0 147 23 16 73 89 30 8 70 
19
60 125 57 9 69 62 131 46 40 89 109 58 104 120 27 103 141 113 102 