25
757 381  637 220  786 101  916 258  777 194  725 231  763 289  818 249  1041 379  888 503  904 336  892 418  859 375  943 378  467 344  586 505  620 311  560 344  656 372  596 409  726 651  693 510  797 506  754 460  737 560  

8
1 3 6 15 18 9 12 23 
5
2 0 5 14 16 
3
4 1 3 
5
0 2 7 8 10 
3
5 7 2 
3
4 6 1 
3
5 7 0 
3
6 4 3 
3
3 9 13 
5
8 0 11 20 22 
3
13 12 3 
3
12 13 9 
3
11 10 0 
3
11 10 8 
3
1 15 17 
5
14 0 19 20 21 
3
17 18 1 
3
16 19 14 
3
19 16 0 
3
17 18 15 
3
15 9 24 
3
23 24 15 
3
24 23 9 
3
21 22 0 
3
21 22 20 
