150
73 293  1044 198  434 99  861 422  539 70  115 142  939 80  943 302  991 176  739 403  1170 799  1397 94  1306 772  1231 268  189 703  450 363  562 48  325 317  308 633  801 354  606 367  409 320  1181 65  293 464  572 273  316 409  858 130  52 527  671 64  1461 809  866 656  493 667  290 134  963 475  561 550  373 305  293 711  895 79  21 515  663 41  1479 460  420 372  538 811  76 786  642 543  719 120  1328 742  124 402  1451 654  946 484  640 286  1175 471  1052 517  582 156  659 424  491 345  955 261  956 693  645 547  507 412  843 588  643 291  1436 448  824 255  118 610  1240 693  405 815  1331 263  280 341  615 218  757 410  1380 51  30 468  88 438  1244 476  253 247  1450 294  344 696  134 358  1447 596  32 672  1048 312  189 160  748 507  621 247  1164 83  247 496  1200 290  661 346  409 624  752 162  480 692  425 752  1130 126  393 39  693 184  752 481  1096 814  1242 659  627 181  1270 805  211 326  340 529  1346 219  203 710  166 426  1163 93  1248 157  327 287  896 740  748 181  1502 756  1495 212  1183 606  438 207  291 645  376 246  384 660  1389 803  607 83  28 723  194 61  1418 327  67 209  189 630  1150 58  1013 76  518 465  769 709  1179 463  662 736  530 345  897 730  858 140  1130 449  130 434  756 565  506 643  329 149  21 374  29 314  638 189  714 167  901 494  975 589  866 227  163 673  1193 266  1520 228  365 811  
10
72 35 147 64 73 115 70 98 15 122 
3
40 18 74 
9
64 84 72 139 29 45 113 49 86 
5
6 135 62 115 23 
12
76 82 36 93 73 135 81 113 120 107 26 55 
8
76 113 64 90 61 124 53 135 
11
86 3 19 70 77 58 122 121 79 146 39 
1
86 
7
30 144 138 32 104 128 123 
6
24 149 53 71 63 44 
6
57 148 14 124 32 70 
5
94 110 89 111 72 
11
92 54 24 85 63 87 64 88 23 77 115 
6
107 138 133 94 57 118 
8
47 63 41 111 40 113 10 86 
10
94 31 0 133 29 50 132 80 105 122 
4
56 83 79 117 
4
74 40 115 46 
6
89 1 120 124 113 24 
3
6 21 46 
4
81 28 64 115 
6
19 127 138 128 144 45 
7
94 124 42 112 148 66 132 
9
111 68 78 102 12 143 136 3 124 
8
12 9 146 51 112 56 120 18 
8
40 88 136 98 65 112 72 81 
10
49 120 72 29 76 30 90 4 86 58 
5
47 106 95 145 89 
4
62 20 141 74 
7
2 119 81 26 15 125 35 
13
134 117 140 8 96 118 95 64 75 26 108 148 100 
5
85 15 143 135 141 
11
92 50 57 8 41 108 49 82 123 10 74 
7
68 96 80 87 125 54 46 
5
57 147 70 115 52 
7
0 147 58 42 102 65 29 
3
49 4 138 
3
86 96 51 
4
54 94 45 142 
7
56 71 122 78 119 6 147 
7
17 25 1 100 14 115 126 
9
135 138 130 14 86 145 52 32 62 
8
130 22 35 101 81 95 56 74 
4
109 123 86 111 
6
106 51 133 64 98 9 
8
38 71 130 125 2 69 54 21 
5
17 77 93 33 19 
11
134 27 14 72 118 109 140 123 91 92 96 
9
57 81 55 126 128 72 141 71 76 
6
134 36 26 51 32 2 
4
32 120 130 15 
8
24 44 116 63 49 37 88 75 
6
53 115 81 41 120 34 
6
9 52 139 64 137 5 
12
12 38 81 90 78 85 127 125 62 45 33 70 
9
86 121 112 48 100 126 132 88 4 
8
111 16 98 39 74 24 120 42 
12
106 66 10 34 48 119 32 131 13 129 137 127 
5
35 6 116 144 26 
4
89 74 123 90 
6
92 122 135 71 127 133 
8
126 85 5 93 109 118 100 108 
7
97 28 3 54 98 81 41 
6
12 14 51 97 131 9 
15
111 106 2 5 0 53 30 139 12 20 119 44 85 114 141 
10
94 103 115 72 100 125 71 25 35 99 
5
57 105 78 22 122 
3
95 133 138 
5
80 33 23 104 88 
3
86 149 45 
10
6 96 0 34 128 98 54 92 147 10 
10
45 39 98 60 83 9 65 48 132 100 
8
2 0 47 26 65 11 48 25 
5
83 0 4 98 93 
12
140 17 56 84 79 1 59 78 112 32 42 28 
6
84 132 30 105 111 51 
8
106 4 79 5 85 26 140 48 
5
46 99 6 136 12 
7
114 54 82 23 39 66 74 
8
76 114 16 115 143 74 109 6 
5
93 68 33 15 92 
10
54 20 48 29 52 4 62 42 25 108 
6
4 118 113 78 32 136 
5
16 100 73 137 71 
7
2 88 75 74 138 145 134 
11
12 31 89 131 54 76 99 61 139 110 64 
15
134 6 55 93 128 7 37 69 92 43 41 14 2 26 138 
8
111 136 108 12 133 33 97 137 
10
84 25 147 119 12 139 51 55 109 68 
5
85 59 18 11 27 
7
54 5 109 102 26 59 119 
4
97 129 113 47 
9
12 134 111 32 60 86 47 70 80 
10
86 142 80 96 61 46 4 73 127 135 
11
38 65 15 22 11 118 145 127 13 149 141 
7
134 67 27 144 30 109 42 
14
70 30 33 37 93 123 130 146 128 135 47 107 121 98 
8
111 91 62 148 110 87 63 108 
9
56 71 0 25 73 62 70 96 44 
6
129 77 85 146 114 65 
10
83 134 55 40 65 108 61 71 105 30 
4
147 42 144 146 
4
136 35 23 90 
6
65 119 122 111 124 123 
4
123 68 8 149 
7
112 146 66 135 75 100 15 
7
64 57 116 44 76 27 115 
6
111 13 121 138 4 96 
9
148 87 100 142 97 32 61 30 81 
10
128 43 90 79 61 142 95 47 136 88 
5
11 85 120 97 138 
14
92 64 97 56 87 107 23 11 14 148 116 75 43 103 
7
24 105 55 22 25 74 119 
11
117 123 5 82 14 2 131 4 91 18 129 
5
79 78 130 99 64 
12
17 52 79 65 0 34 40 3 106 12 20 132 
5
106 141 51 58 111 
5
30 113 16 126 120 
7
94 82 30 47 123 61 13 
12
137 29 103 57 88 39 148 135 64 134 90 112 
12
26 50 18 145 110 24 4 117 56 143 128 52 
6
55 130 148 107 6 96 
8
60 39 6 103 128 66 0 15 
10
113 104 43 96 118 47 59 32 8 103 
7
22 5 10 18 23 143 103 
7
136 140 45 54 65 33 29 
8
128 61 48 149 117 55 40 133 
8
21 54 94 60 133 57 93 144 
12
86 109 126 132 70 21 48 142 8 122 96 120 
5
91 99 142 57 113 
8
41 42 121 114 45 50 96 138 
4
85 57 113 63 
8
75 128 15 22 55 71 115 139 
8
67 13 87 44 15 127 126 60 
11
92 86 30 47 49 95 145 100 143 119 84 
11
3 41 60 144 105 4 119 96 93 31 5 
9
87 125 143 102 77 25 23 109 82 
5
83 119 53 57 87 
11
41 13 21 8 84 110 67 130 36 107 86 
6
2 85 53 64 88 132 
6
30 74 144 125 47 76 
8
116 146 48 28 94 148 31 64 
6
93 129 109 128 108 38 
7
136 79 23 134 31 120 124 
8
140 8 95 101 135 58 21 127 
6
134 120 94 41 84 27 
9
24 147 105 99 101 141 96 6 149 
8
35 101 0 146 34 88 39 70 
9
10 108 97 121 119 22 111 141 30 
6
9 69 126 94 146 104 