50
629 210  1185 600  599 94  213 63  88 561  457 126  1359 225  1146 604  1031 715  722 507  1450 489  719 145  1476 536  74 685  1188 728  62 162  1148 56  989 627  537 535  388 340  194 218  658 208  941 682  366 553  485 118  299 802  1524 763  686 335  420 170  374 212  1440 555  507 749  608 538  1066 120  678 609  1542 789  1394 598  204 61  1142 253  644 105  1170 544  1105 761  1072 295  1186 610  186 771  308 157  720 64  373 502  1182 534  608 496  
5
19 37 21 43 29 
4
47 33 8 24 
9
26 27 40 20 5 31 15 41 12 
9
43 16 7 4 23 22 12 25 11 
7
3 37 24 33 36 12 7 
8
16 36 2 11 40 12 35 23 
12
14 28 13 20 36 27 11 34 26 39 19 47 
6
3 46 35 42 24 4 
4
48 44 1 9 
4
39 36 8 19 
6
44 39 25 31 43 20 
5
15 5 6 44 3 
10
34 18 3 27 2 4 40 30 5 47 
6
6 16 22 29 39 38 
3
34 6 45 
6
27 11 24 41 2 18 
7
3 5 49 48 25 13 46 
9
19 41 31 45 34 21 22 28 26 
6
40 12 24 29 15 37 
8
27 17 0 40 25 23 9 6 
7
47 2 6 29 34 25 10 
3
39 0 17 
3
3 13 17 
4
3 19 42 5 
6
15 18 4 7 29 1 
9
27 16 10 19 39 42 3 36 20 
8
32 2 49 36 39 17 6 44 
9
2 30 15 19 33 25 43 6 12 
4
6 33 17 45 
8
46 37 20 30 18 13 24 0 
5
27 34 29 47 12 
4
43 17 2 10 
6
26 43 38 44 47 35 
6
27 1 4 47 28 36 
9
30 12 14 38 17 6 41 20 36 
4
32 7 44 5 
9
5 26 6 9 4 48 33 25 34 
5
4 0 40 29 18 
5
32 34 42 45 13 
9
10 9 21 49 26 25 46 13 6 
8
2 18 37 42 19 5 43 12 
7
49 42 17 15 34 2 47 
6
41 40 38 25 7 23 
7
32 3 31 27 40 0 10 
7
32 10 48 8 35 11 26 
4
14 17 28 38 
5
7 29 47 16 39 
9
32 1 20 46 33 41 30 12 6 
4
16 8 44 36 
4
16 41 26 39 
