160
1276 373  786 109  925 426  773 51  163 461  938 656  518 282  1099 583  623 240  1531 391  493 45  1113 447  868 129  220 671  945 380  966 376  1201 246  873 187  579 163  865 434  308 715  1147 74  1241 278  1418 169  1266 745  295 707  1207 664  798 66  1114 719  751 336  1006 238  1520 349  999 362  428 226  68 539  215 717  819 35  584 118  1092 418  1523 700  808 275  916 431  1180 58  1180 571  793 546  1383 291  1185 426  68 493  424 820  27 94  820 644  1200 640  1051 74  926 545  1055 32  134 402  1089 585  893 789  455 441  1144 635  63 355  428 135  111 626  1526 142  889 800  653 745  1528 556  91 512  335 257  351 753  622 540  559 360  825 53  1537 755  1239 497  821 785  630 592  167 563  63 38  792 264  971 793  266 637  776 252  704 395  77 665  1304 98  899 161  333 297  1250 474  910 466  775 470  887 662  1160 738  271 131  314 707  903 562  1476 174  1482 462  48 355  881 293  119 275  279 43  437 175  1142 237  1425 274  924 780  1429 170  723 531  712 490  786 345  43 509  943 27  171 651  1257 779  998 631  789 552  77 249  951 825  633 36  755 755  46 87  1045 609  1259 422  1536 563  1032 315  909 410  104 117  1188 118  678 190  855 666  39 334  879 25  1053 144  124 769  802 799  654 177  709 430  37 124  282 661  692 320  42 593  1207 280  578 455  967 41  319 111  898 623  156 355  231 119  85 799  99 654  1278 638  259 94  705 387  1146 119  993 786  201 62  1024 155  96 680  243 336  1509 339  
4
61 82 29 22 
7
106 48 68 8 139 35 28 
5
124 32 75 54 118 
4
129 48 84 147 
11
25 99 78 148 159 69 75 115 77 56 107 
8
81 156 112 17 84 144 89 100 
8
107 91 92 61 109 19 64 95 
5
109 153 59 22 75 
9
78 119 114 80 79 1 102 27 30 
7
117 50 128 11 134 141 17 
9
135 23 92 35 155 134 154 38 76 
7
84 138 74 137 9 60 81 
7
100 20 44 72 39 33 96 
10
91 50 83 134 76 78 117 157 116 123 
1
83 
5
79 35 98 107 138 
8
119 100 35 147 70 44 149 126 
4
135 5 52 9 
4
109 72 140 76 
13
139 53 157 42 127 84 116 61 130 6 158 145 113 
8
12 131 40 69 156 96 22 59 
6
109 93 135 154 46 43 
12
98 141 56 103 113 7 51 0 26 59 99 20 
5
73 94 10 83 154 
10
38 108 132 82 142 31 111 98 60 156 
6
138 150 4 105 115 67 
6
139 99 80 71 22 129 
6
50 146 136 159 58 8 
7
143 85 84 50 83 91 1 
7
157 50 61 119 0 140 44 
3
94 156 8 
2
62 24 
8
106 34 2 33 122 55 123 154 
12
59 106 66 88 32 12 34 101 134 123 155 119 
9
32 44 92 159 33 127 136 79 154 
9
151 15 139 79 16 141 68 10 1 
4
136 71 91 132 
7
146 127 51 64 96 159 98 
11
75 69 24 156 115 119 126 157 10 82 79 
5
134 12 122 128 135 
4
50 149 20 48 
14
134 100 107 79 62 152 146 124 109 56 130 151 121 98 
4
73 111 19 43 
8
151 118 123 126 77 21 42 110 
8
50 34 12 143 137 16 29 81 
5
54 53 48 69 147 
3
128 21 48 
3
107 62 48 
9
85 1 112 45 125 47 3 46 40 
2
100 133 
15
122 40 44 27 9 13 29 28 92 67 56 90 117 72 148 
4
134 37 22 125 
12
97 86 70 126 17 68 133 158 66 123 88 74 
6
19 45 107 58 134 69 
8
132 45 80 115 155 99 2 146 
6
114 153 108 32 76 67 
6
134 22 50 41 4 108 
4
69 95 65 156 
8
156 53 154 152 138 61 27 148 
8
87 33 86 7 91 79 22 20 
7
159 88 125 11 24 72 131 
10
87 140 63 0 137 85 6 19 58 29 
10
41 31 156 74 47 77 132 121 96 120 
6
61 141 157 156 148 144 
5
156 96 37 147 6 
3
131 57 140 
2
33 52 
4
87 50 25 55 
8
99 118 111 52 1 35 81 112 
10
38 76 57 135 20 141 4 53 45 147 
7
52 112 88 71 97 16 159 
4
36 88 70 26 
8
18 12 96 114 50 121 91 60 
7
143 138 147 42 92 23 116 
9
100 62 115 11 80 128 92 96 52 
7
109 38 157 7 4 2 137 
10
69 103 136 18 153 13 150 156 55 10 
9
99 80 62 104 43 86 4 151 144 
5
4 8 152 13 140 
14
41 15 128 104 108 117 8 35 96 107 92 34 59 38 
6
77 54 8 26 74 151 
7
110 5 124 153 68 11 44 
4
143 24 0 38 
6
144 14 115 13 23 28 
8
152 11 28 19 5 132 3 139 
11
28 148 48 125 96 61 139 149 126 90 130 
7
52 129 59 90 153 77 157 
8
130 67 61 151 59 101 125 96 
7
70 97 33 71 60 99 52 
8
130 126 124 90 134 132 149 5 
7
89 86 146 50 85 110 93 
9
148 13 158 6 59 28 36 72 150 
9
73 6 101 34 50 10 79 74 132 
2
21 90 
8
95 30 109 23 106 111 152 132 
3
57 94 6 
13
85 129 156 79 64 12 72 37 74 20 62 87 113 
6
110 52 136 88 104 70 
7
147 22 15 24 104 41 37 
13
4 132 121 77 68 26 153 104 128 131 54 88 22 
11
41 110 12 123 74 49 16 129 101 142 5 
6
106 152 92 100 87 33 
3
109 8 137 
8
76 112 134 127 22 139 128 115 
7
79 99 77 151 97 126 98 
2
25 132 
6
33 32 1 101 152 94 
8
41 6 47 53 79 15 113 4 
5
24 79 56 55 114 
13
110 7 75 122 154 21 133 18 102 94 41 6 115 
9
100 97 109 144 81 120 146 90 43 
6
42 68 125 94 24 127 
10
70 113 103 153 5 48 152 129 138 68 
6
112 22 122 107 96 19 
6
8 55 146 142 72 108 
9
83 25 54 74 38 109 4 103 143 
6
158 126 19 124 73 13 
6
157 137 9 79 13 50 
4
43 68 157 2 
7
8 16 131 139 38 29 33 
3
110 123 62 
5
99 62 72 41 144 
7
109 50 159 142 32 113 39 
9
100 120 43 156 133 13 33 52 32 
7
89 145 2 41 81 116 125 
8
85 60 48 147 124 51 111 87 
8
89 116 52 43 38 85 104 16 
7
37 19 141 103 34 111 152 
8
79 46 9 99 151 74 103 39 
6
86 3 96 100 112 26 
8
143 87 89 155 19 41 148 85 
5
20 65 119 99 60 
10
99 54 24 89 62 84 94 92 105 36 
5
109 146 49 52 123 
13
41 143 157 39 51 56 103 53 89 13 9 33 10 
6
21 10 17 69 156 39 
6
97 36 27 76 152 34 
7
117 61 11 44 75 146 102 
6
73 25 11 58 112 15 
10
149 153 19 26 35 119 85 103 84 1 
5
61 18 29 78 65 
7
22 63 158 127 69 35 9 
5
147 24 122 114 100 
8
134 73 28 130 82 44 149 115 
6
110 83 5 63 77 121 
3
124 155 19 
9
133 37 41 27 114 110 90 137 54 
9
73 142 98 125 16 64 69 3 45 
7
85 91 4 63 130 50 58 
6
40 139 85 143 89 16 
4
25 76 155 91 
9
87 43 35 157 104 128 77 41 80 
11
41 84 106 101 78 58 112 136 94 153 127 
9
139 99 7 112 55 86 76 81 152 
7
109 58 21 23 10 34 32 
8
145 130 157 54 10 158 150 33 
14
62 58 64 5 96 38 30 63 123 20 135 76 24 57 
12
134 117 29 19 63 75 155 151 118 38 13 86 
6
91 116 141 52 155 19 
7
122 60 4 27 34 70 37 
