60
563 456  1112 296  1092 721  1491 320  1471 105  711 25  289 35  222 109  361 185  1025 162  110 457  1157 450  921 482  1444 73  607 595  720 555  506 686  269 819  393 286  1086 262  1030 448  1261 162  1204 172  314 713  776 663  192 43  1056 101  253 402  552 592  630 686  1187 376  1254 219  1354 253  1351 369  308 380  538 498  168 655  799 563  595 655  779 49  107 362  38 179  1243 101  594 49  953 829  1361 143  191 458  278 470  846 750  104 815  485 417  1373 439  431 381  1258 72  1345 42  481 331  1195 521  1028 139  250 675  1104 383  
3
8 51 27 
7
53 46 28 44 29 2 40 
5
25 56 18 29 1 
9
23 13 26 35 24 33 56 58 38 
5
29 7 48 46 45 
10
32 51 45 59 12 37 55 7 30 18 
8
7 16 55 49 13 37 44 34 
11
36 6 17 35 58 38 20 4 5 27 52 
10
57 0 35 48 36 25 59 47 14 26 
6
29 42 49 10 24 48 
7
58 20 9 18 26 42 15 
7
23 59 38 15 26 53 47 
4
30 5 50 27 
7
3 40 37 36 27 39 6 
11
36 55 50 44 20 39 56 45 34 8 33 
7
11 53 58 59 56 42 10 
8
6 42 30 36 34 57 18 37 
6
7 27 36 30 53 40 
10
23 53 57 56 10 2 20 16 40 5 
5
38 30 58 26 47 
8
10 14 54 7 51 25 30 18 
6
27 57 49 32 31 29 
3
46 54 50 
6
36 11 18 3 26 59 
5
29 45 3 9 30 
8
32 43 58 2 30 8 20 42 
12
11 56 3 23 54 10 48 19 59 29 8 35 
12
17 41 21 52 0 12 58 13 7 42 47 59 
8
1 31 46 41 50 35 36 49 
13
36 40 4 9 24 1 2 39 53 26 51 35 21 
14
50 12 33 19 25 16 17 42 59 32 34 20 5 24 
4
28 38 21 32 
9
55 5 25 54 21 30 37 31 34 
6
30 34 3 57 14 37 
10
38 33 35 16 37 14 30 32 6 41 
9
55 7 8 57 3 34 29 28 26 
10
29 23 7 14 17 16 8 13 28 57 
9
51 34 32 5 13 6 42 16 33 
8
11 19 34 7 56 31 54 3 
7
40 14 52 29 13 42 50 
6
29 39 13 18 1 17 
5
27 28 49 46 34 
9
9 16 30 27 37 10 15 39 25 
5
25 52 55 53 47 
4
14 48 1 6 
4
5 24 14 4 
6
1 22 47 28 41 4 
7
46 57 11 19 8 27 43 
5
44 8 26 4 9 
7
53 9 21 6 41 28 51 
6
14 30 12 22 28 39 
6
5 37 0 20 29 49 
5
55 27 43 39 7 
8
18 1 49 15 11 17 29 43 
5
32 22 20 26 38 
9
14 32 35 52 6 43 5 58 56 
8
26 2 38 18 14 15 3 55 
8
18 8 21 35 47 16 33 36 
8
25 10 7 15 19 27 3 55 
8
11 5 30 15 23 26 8 27 