150
1236 552  476 794  1279 605  1434 550  1252 214  1185 810  530 745  860 566  77 143  861 391  422 310  1540 789  653 363  513 593  1378 804  510 95  157 580  630 717  181 295  864 667  348 53  1141 317  943 830  1113 219  445 388  1258 805  685 543  262 257  394 787  1141 663  510 636  835 198  1418 637  1546 440  386 44  82 91  316 190  1087 610  208 274  1334 799  383 828  302 747  1130 108  1316 472  969 139  673 550  1519 639  1436 106  49 716  881 211  646 737  1172 372  118 756  660 250  656 573  907 490  511 359  1528 349  781 193  646 399  911 128  181 149  1134 624  1311 367  1426 424  1374 314  100 605  390 493  296 167  893 745  363 58  135 361  1370 724  1410 340  697 551  936 51  1048 359  374 451  33 514  367 749  1275 633  1211 614  902 158  387 92  675 75  24 463  1236 496  1086 330  450 160  1358 61  673 481  1066 554  871 139  667 798  409 553  454 363  1268 476  76 294  527 814  1382 435  1512 784  418 98  644 105  1151 199  326 226  172 551  920 805  1250 369  1407 486  160 396  848 99  651 416  508 217  993 234  1286 507  377 745  440 117  553 234  269 550  780 77  339 657  683 540  1056 379  916 637  815 664  539 40  780 669  592 685  1180 267  309 724  334 20  1465 394  502 599  1164 731  30 365  869 200  899 115  1442 749  1021 104  1548 173  1091 598  165 783  723 274  1117 245  796 408  1013 191  1483 616  502 499  203 615  1066 313  
15
145 103 28 97 68 19 93 12 127 31 52 42 89 10 43 
19
80 18 23 21 102 64 90 24 100 74 40 4 9 41 39 37 29 92 115 
16
88 52 82 18 41 38 115 79 143 9 66 60 57 107 128 44 
32
132 74 117 40 23 90 92 147 68 18 101 96 4 58 82 118 17 34 145 20 72 37 135 136 46 139 65 73 140 13 44 124 
14
117 112 130 3 63 15 64 62 96 33 1 87 75 125 
13
101 98 94 33 115 24 88 28 128 78 38 105 106 
16
31 142 18 34 21 92 103 49 76 79 13 50 7 42 28 17 
11
77 93 137 63 76 33 15 20 6 130 103 
12
117 31 22 62 26 133 137 45 138 16 98 64 
19
145 17 35 101 62 53 92 139 20 22 74 109 12 149 1 2 140 100 45 
12
58 117 77 35 101 18 0 110 51 99 148 97 
15
92 99 55 96 32 89 83 112 149 138 53 105 134 85 26 
18
55 73 139 66 0 34 9 102 43 124 99 62 54 63 87 75 123 114 
19
17 47 119 138 120 20 76 103 91 49 59 95 149 34 96 6 105 41 3 
10
140 104 43 72 80 103 33 95 131 129 
15
148 103 4 108 68 7 122 69 102 129 115 51 65 145 22 
12
61 129 40 77 53 139 76 75 8 93 33 148 
20
132 13 88 102 9 21 26 3 111 35 56 72 65 73 31 118 142 119 116 6 
23
3 1 35 96 6 2 56 137 118 10 128 41 25 149 148 131 123 58 113 82 89 93 39 
16
130 42 134 73 58 47 0 97 96 107 45 104 102 64 116 142 
15
47 102 97 79 136 132 13 9 3 147 67 7 140 38 130 
16
30 1 65 29 141 17 6 136 51 52 89 145 100 114 133 72 
21
143 64 8 44 124 68 56 120 74 26 9 48 76 141 92 127 34 75 95 23 15 
21
3 120 80 1 90 128 85 34 96 61 102 121 47 44 29 66 74 126 70 71 22 
14
102 101 117 1 5 138 114 73 106 86 36 29 50 93 
8
47 94 124 18 98 102 35 147 
16
135 50 17 8 40 22 149 126 78 127 85 32 51 116 11 97 
10
148 49 96 145 37 56 50 141 55 92 
12
0 71 146 72 106 5 134 37 130 6 87 115 
14
74 72 54 21 124 134 90 97 109 23 24 1 53 107 
17
97 83 87 82 149 21 57 133 117 52 84 68 130 109 142 32 37 
14
8 6 57 97 104 55 34 80 132 61 0 17 52 47 
20
78 117 147 130 11 64 79 65 34 136 37 75 100 144 109 89 59 30 26 90 
12
117 5 7 14 4 57 121 47 82 97 16 147 
23
132 23 6 3 66 102 98 31 12 122 32 47 65 63 144 13 22 76 119 67 53 58 89 
13
110 122 18 9 63 10 71 37 77 129 17 79 25 
9
145 57 118 55 103 82 148 126 24 
18
117 78 137 63 75 27 35 39 3 65 32 93 70 28 1 76 30 96 
15
134 101 75 136 83 44 2 105 140 100 47 114 112 5 20 
17
74 136 124 146 102 37 110 58 70 84 142 69 94 1 52 98 18 
11
3 93 77 16 26 118 1 90 105 49 72 
15
103 104 128 105 2 129 89 18 63 51 82 1 13 78 58 
10
19 115 77 98 110 125 135 0 64 6 
13
76 14 113 105 69 57 12 107 80 56 0 74 77 
14
84 74 22 38 86 125 45 69 51 23 112 2 83 3 
19
121 112 132 92 99 140 8 74 146 19 77 87 44 84 59 149 114 80 9 
12
70 82 114 62 3 85 97 51 144 120 107 108 
18
13 20 79 25 123 104 19 135 56 38 71 34 23 140 33 52 31 100 
9
112 85 117 129 22 132 50 88 119 
11
27 6 86 145 13 70 40 118 62 58 63 
17
111 107 131 126 145 26 68 138 116 27 85 48 6 52 24 119 113 
16
110 88 58 21 97 135 89 149 41 44 10 15 46 81 26 131 
20
88 2 119 59 21 30 86 57 137 125 66 0 147 31 47 99 50 112 39 129 
13
111 103 140 9 16 11 147 58 92 34 129 29 108 
10
29 80 125 65 96 145 12 56 88 89 
15
74 84 110 12 133 11 68 142 36 31 79 97 27 138 120 
23
91 126 143 62 77 113 110 146 22 98 18 27 47 144 17 120 139 124 58 136 43 54 85 
18
64 36 31 135 30 138 146 128 43 70 33 116 52 147 2 122 84 77 
18
83 10 19 3 149 65 51 39 53 56 118 18 147 49 99 125 34 41 
8
61 132 52 13 45 32 96 88 
13
126 118 106 139 112 92 63 81 2 86 136 70 125 
12
135 16 59 81 89 105 23 142 107 98 31 85 
15
56 8 79 9 124 4 104 46 143 12 66 91 49 109 132 
19
117 67 124 113 4 35 37 7 94 106 79 84 41 60 34 12 49 116 75 
18
132 57 22 88 1 117 4 32 65 148 83 42 78 136 19 8 126 94 
19
83 71 21 99 113 32 58 64 54 34 37 17 86 3 94 136 128 110 15 
10
84 12 34 104 52 62 2 23 74 75 
10
63 114 127 20 97 75 34 113 83 108 
17
3 113 0 22 87 55 76 50 136 138 15 90 129 30 110 70 98 
10
121 98 122 43 15 94 44 39 114 132 
17
145 46 122 98 57 96 49 37 78 142 39 68 138 23 60 133 139 
14
65 125 87 149 35 116 28 76 47 103 121 85 23 112 
11
29 88 97 14 89 28 3 17 140 21 40 
13
19 119 12 99 114 116 24 17 123 138 106 3 110 
20
3 145 55 29 76 146 39 132 44 114 94 22 1 45 9 123 23 66 43 111 
19
38 97 37 85 123 129 140 103 122 32 16 77 67 22 4 66 12 133 63 
14
74 43 109 80 68 7 13 71 22 105 6 16 34 37 
22
82 144 7 40 42 56 141 10 113 109 90 35 132 16 45 116 75 83 43 143 94 57 
13
37 32 137 134 133 102 124 139 70 5 64 26 41 
15
47 20 62 80 146 32 114 2 127 63 55 6 119 35 149 
14
23 1 54 76 79 14 138 31 148 43 45 120 134 84 
11
61 85 128 130 108 113 89 60 115 126 51 
16
30 77 3 2 46 103 141 36 149 33 98 41 122 18 99 88 
17
30 105 58 65 38 87 11 112 88 93 64 142 77 116 67 125 44 
21
55 97 66 44 120 96 117 102 89 63 30 45 149 39 135 104 57 122 108 80 142 
14
81 48 23 128 93 75 46 50 134 71 11 26 56 61 
14
87 137 94 44 129 49 96 105 52 24 65 130 60 104 
16
30 86 92 71 116 83 68 143 138 45 101 119 4 12 28 144 
16
17 2 52 72 64 143 51 5 83 99 131 48 54 118 82 59 
20
91 142 105 137 61 11 72 41 81 134 51 84 21 0 32 18 34 110 116 54 
13
3 23 1 148 77 137 29 68 115 40 114 99 32 
14
145 135 56 140 89 94 137 143 13 106 142 111 62 99 
16
3 11 98 87 148 45 9 112 60 6 22 53 27 99 1 105 
12
40 7 85 0 106 140 83 37 111 16 18 24 
16
148 123 116 25 86 91 5 74 63 129 69 65 126 39 77 64 
6
137 14 138 13 22 116 
19
27 3 18 11 23 149 84 113 19 4 86 70 54 140 13 103 111 59 37 
22
84 30 0 72 75 20 136 31 144 126 104 19 114 105 51 29 67 55 46 33 10 26 
17
92 131 5 136 70 56 69 42 34 141 61 25 125 82 8 68 39 
17
11 114 65 112 45 73 111 12 88 91 52 90 10 58 146 92 82 
11
134 106 107 1 38 21 32 114 117 47 9 
15
38 5 3 24 9 10 121 111 117 148 123 118 141 87 103 
16
20 24 17 1 78 39 34 12 23 127 84 15 19 25 119 137 
20
0 148 41 15 53 14 6 82 75 123 13 71 143 36 114 96 129 101 138 7 
12
14 108 41 31 47 97 62 66 19 142 84 86 
22
83 89 128 61 43 41 38 97 129 114 86 109 76 40 11 141 126 13 5 146 92 116 
13
100 139 120 60 93 63 28 138 91 24 73 128 5 
11
50 100 149 19 61 43 108 2 46 113 29 
12
104 81 15 134 111 107 112 67 53 84 46 144 
13
76 142 77 117 9 119 105 113 29 121 32 62 30 
17
55 35 121 51 138 143 56 137 39 42 68 10 147 65 115 89 73 
14
112 53 50 126 101 17 140 99 108 91 93 121 96 74 
18
4 111 141 48 45 99 120 92 60 145 83 11 38 44 113 52 108 71 
20
135 63 68 115 56 43 77 65 81 96 141 109 112 123 18 114 117 67 107 50 
21
67 134 99 74 118 97 73 105 79 24 46 38 103 100 21 90 69 113 45 12 119 
12
42 113 121 141 5 2 90 15 81 110 28 1 
15
94 87 71 50 73 57 77 63 83 17 26 19 89 95 105 
20
3 130 4 8 37 63 33 10 48 32 24 64 101 109 30 84 118 145 100 113 
14
123 60 3 36 18 114 40 101 128 117 58 49 17 88 
13
13 73 52 109 87 145 79 34 102 50 17 48 114 
12
23 106 13 121 22 112 84 143 56 46 80 55 
11
110 45 69 115 120 101 23 71 33 109 111 
11
35 134 70 139 69 34 75 15 82 57 84 
12
94 118 47 75 101 103 74 147 73 18 113 12 
11
63 25 39 22 29 128 62 12 78 56 3 
12
71 54 130 128 44 42 52 98 58 4 83 60 
12
56 60 50 111 97 105 36 26 23 81 94 64 
7
141 67 102 79 0 22 26 
16
146 105 81 23 85 124 41 18 125 57 142 118 5 106 2 65 
15
16 48 86 41 75 35 105 68 141 15 94 14 103 53 52 
12
117 19 4 81 32 146 125 30 86 20 28 7 
10
50 146 98 137 18 14 88 138 51 148 
14
3 17 64 34 74 45 20 59 77 137 48 31 69 62 
9
140 55 78 8 30 143 21 70 75 
15
19 100 38 122 114 78 29 108 89 28 11 85 141 148 80 
10
91 26 61 113 57 47 51 3 42 84 
16
38 39 97 98 20 68 21 32 3 138 56 64 65 60 141 139 
16
37 95 89 78 86 7 18 91 110 90 8 132 146 131 52 102 
19
110 13 57 68 50 87 8 80 24 106 95 11 73 136 148 70 131 55 103 
11
106 122 9 12 60 16 56 78 3 70 136 
16
91 14 133 53 45 38 75 111 93 47 96 147 9 3 72 20 
16
112 127 21 77 115 98 82 101 113 129 27 22 105 134 149 136 
15
89 6 109 55 128 61 83 91 70 39 104 17 30 19 84 
12
56 22 110 87 88 91 103 2 120 62 133 77 
8
77 97 56 34 32 46 87 108 
16
74 0 91 9 70 36 50 27 3 112 49 117 21 119 54 15 
13
74 128 131 56 130 79 39 57 28 45 137 99 105 
12
3 32 20 123 53 57 52 140 58 110 33 25 
16
103 27 94 15 92 101 90 64 18 36 80 138 10 134 16 131 
16
30 71 58 96 107 18 11 9 82 26 51 13 84 45 141 79 