160
545 395  1234 161  433 368  273 778  311 284  1203 257  689 559  1464 55  788 95  379 750  787 397  109 532  732 187  569 496  636 581  1239 795  709 429  913 560  1046 588  290 59  356 512  856 226  1068 248  952 794  540 392  1162 44  1531 624  26 653  1234 668  1113 617  412 448  1200 208  60 482  1168 642  1240 808  583 536  1424 452  826 349  1048 158  548 529  645 534  185 491  1291 38  84 802  1222 711  302 157  1323 747  591 166  1315 491  907 211  263 458  594 50  704 663  508 626  1290 131  698 804  265 445  1284 520  562 546  679 816  77 367  69 138  1486 708  74 623  1113 373  725 195  569 562  258 637  539 655  912 655  114 656  221 751  142 770  1540 459  877 476  112 596  287 112  347 672  109 635  931 184  1221 542  275 797  898 536  1432 116  217 62  978 74  836 331  1280 693  994 659  315 382  376 801  37 315  189 105  935 270  1192 683  271 215  233 204  601 664  456 59  521 102  387 39  395 817  1122 815  954 269  757 620  1019 596  474 216  579 828  887 455  679 242  771 645  409 240  958 721  743 313  422 325  1392 436  213 784  1267 657  1093 640  45 824  1398 717  1010 706  669 145  426 227  1285 74  99 356  578 754  243 828  1346 251  838 81  1236 642  1114 304  1029 91  984 736  1093 573  1531 696  802 580  247 507  1380 225  360 336  1176 598  1333 398  641 258  807 204  1113 765  1014 710  275 97  572 365  1187 208  777 324  1374 266  237 444  354 441  1147 268  1052 472  1057 428  111 772  820 294  1454 247  476 790  
18
79 65 62 2 25 80 106 126 48 134 141 20 51 75 159 148 87 147 
14
138 102 60 122 113 147 159 134 20 64 124 125 157 37 
18
60 159 62 0 69 74 65 72 34 111 64 112 118 147 73 152 131 114 
22
50 126 54 98 134 64 70 42 108 81 125 4 121 58 5 103 95 156 79 87 127 32 
22
111 153 73 147 117 132 143 129 13 71 30 140 142 88 3 68 77 146 124 131 35 63 
19
91 136 152 20 74 39 44 17 137 116 3 63 6 130 102 40 144 66 33 
15
73 98 124 52 9 131 148 48 156 136 25 93 5 59 135 
7
147 121 42 128 146 51 74 
18
29 94 123 67 97 74 119 14 39 82 64 117 24 41 99 25 81 17 
12
104 125 140 6 39 67 128 17 58 10 133 102 
9
28 11 54 103 98 9 111 44 106 
14
17 140 92 126 122 12 10 148 35 57 45 94 95 129 
12
55 84 59 73 124 29 11 46 70 19 69 62 
18
75 85 148 73 61 146 4 59 159 92 76 110 157 144 50 51 84 81 
18
132 124 94 103 8 31 149 36 155 48 70 145 83 27 16 126 85 99 
16
41 80 119 69 138 36 99 157 70 127 91 35 19 125 115 105 
12
135 38 159 84 68 77 103 81 14 95 90 87 
15
59 11 35 131 44 47 122 9 127 63 5 88 85 31 8 
13
73 102 131 114 62 121 80 101 78 52 75 141 57 
17
154 152 103 132 110 91 72 141 109 15 114 84 12 33 108 122 59 
14
103 80 64 5 127 32 131 1 68 0 157 27 54 44 
11
59 119 105 102 112 123 46 41 113 62 141 
8
65 107 158 140 79 130 40 94 
13
69 84 128 93 101 48 46 111 82 68 31 124 81 
13
100 155 70 88 78 112 64 143 27 108 94 8 82 
14
30 0 130 137 120 38 126 152 60 43 6 146 40 8 
16
111 32 110 41 139 99 29 93 54 114 77 49 83 109 35 124 
18
39 138 146 57 143 75 53 110 24 118 69 14 20 155 95 124 105 45 
15
111 67 10 70 134 109 138 82 51 131 79 72 47 36 105 
14
101 8 12 109 106 47 154 26 80 103 56 44 43 73 
15
149 50 25 106 70 46 113 4 111 38 116 55 101 48 88 
16
132 36 59 114 14 126 32 122 134 58 116 151 23 95 17 38 
19
26 107 70 72 144 20 87 31 132 85 75 147 83 129 106 92 111 141 3 
21
49 155 106 147 118 158 55 56 86 48 67 80 58 138 68 73 46 36 19 61 5 
7
42 56 2 37 146 73 43 
18
57 41 134 46 17 120 72 157 118 75 11 158 15 88 110 4 26 61 
15
105 31 117 138 135 14 82 58 15 64 132 88 33 28 63 
16
55 103 141 65 56 63 96 87 152 34 40 70 78 86 1 42 
13
16 107 119 146 25 71 129 30 89 159 113 31 156 
14
55 27 112 144 46 8 9 142 149 44 5 128 97 57 
12
111 51 114 55 109 37 150 25 45 108 5 22 
18
35 15 62 45 83 26 80 55 73 89 64 21 52 76 8 99 98 109 
15
125 101 120 34 43 50 7 3 155 151 49 141 149 37 98 
11
42 77 111 49 158 151 104 25 157 29 34 
18
73 53 81 17 50 82 159 142 45 39 132 115 5 98 10 93 29 20 
19
55 115 41 145 147 87 71 118 85 44 103 152 100 11 120 61 40 126 27 
15
55 35 30 39 12 97 56 95 126 65 21 23 103 33 93 
12
148 17 105 151 134 100 29 132 65 28 150 64 
16
125 66 103 140 147 97 6 33 149 23 0 14 73 93 138 30 
15
137 33 119 121 43 94 116 140 159 57 42 113 26 158 99 
13
30 3 42 91 146 130 44 59 90 89 84 13 98 
9
40 28 85 149 102 0 80 13 7 
13
135 6 59 141 76 62 18 131 41 57 85 96 67 
11
44 99 65 56 115 120 64 124 27 145 133 
14
82 158 3 73 10 86 125 65 67 134 113 26 66 20 
19
96 63 12 39 45 37 95 46 149 40 155 105 41 33 138 81 30 124 90 
15
37 34 53 73 102 33 142 46 132 133 77 124 141 85 29 
15
63 35 92 117 27 140 106 11 49 137 52 39 83 100 18 
13
115 123 152 100 33 36 9 83 31 3 108 65 132 
16
12 17 21 31 50 52 13 82 141 132 73 112 98 6 159 19 
9
1 2 131 104 25 117 148 112 103 
14
63 82 74 13 78 86 117 66 114 112 45 123 33 35 
17
41 0 2 92 141 18 109 111 52 122 85 147 64 76 21 155 12 
14
55 57 61 100 143 37 126 17 92 5 108 102 36 4 
22
101 149 20 76 134 3 53 24 2 36 111 41 1 115 144 8 62 78 128 139 114 47 
16
37 22 90 0 53 2 131 157 54 46 96 158 58 47 133 155 
15
127 48 122 108 61 116 147 148 54 142 117 157 82 125 5 
14
28 151 88 139 97 8 86 9 148 33 102 54 52 136 
14
123 16 79 20 33 4 114 23 88 147 107 84 76 78 
13
73 23 2 145 15 133 141 27 155 85 158 12 130 
14
32 30 28 24 146 155 12 3 97 14 15 37 145 132 
9
116 83 158 45 141 4 38 125 148 
15
137 116 35 107 32 129 2 94 158 19 93 117 28 154 85 
27
4 121 118 69 6 44 18 111 13 12 54 56 106 99 41 114 48 145 33 59 75 136 81 142 2 34 29 
12
61 138 2 8 5 76 78 133 151 135 155 7 
18
96 137 127 133 13 78 35 27 132 86 150 32 18 156 114 73 0 88 
20
115 120 64 123 52 143 100 74 90 13 92 41 109 155 62 135 68 94 141 89 
13
137 90 43 16 158 78 56 89 4 130 26 135 129 
19
84 75 116 110 61 137 126 24 128 18 77 74 97 101 37 64 129 94 68 
15
92 0 150 127 90 138 124 132 106 157 68 28 22 3 88 
16
134 83 127 20 0 41 15 18 153 33 29 103 157 51 87 120 
18
112 44 87 124 135 133 137 55 146 3 84 16 73 125 8 13 23 97 
18
61 54 86 112 44 102 8 28 159 36 59 103 115 114 23 66 85 24 
13
110 85 98 80 71 41 114 58 32 14 96 26 57 
18
12 105 114 78 89 23 16 154 126 128 99 143 81 19 50 119 68 13 
17
83 13 45 62 146 51 32 129 17 56 52 82 69 145 72 14 128 
11
82 67 61 54 33 75 151 139 130 159 37 
14
115 149 81 37 45 32 114 119 80 137 117 3 0 16 
18
67 156 129 144 24 141 4 125 107 17 36 140 35 68 79 153 75 30 
12
93 106 84 146 41 102 123 149 77 50 38 76 
19
65 77 148 123 79 128 144 50 76 154 145 126 156 55 92 130 100 16 143 
12
135 93 5 50 102 108 19 92 121 15 111 137 
18
57 79 11 62 134 131 112 124 91 13 149 121 76 94 63 90 32 117 
15
91 89 150 98 23 94 72 124 26 48 46 6 44 137 133 
16
116 142 8 14 49 100 93 72 92 127 24 11 156 78 76 22 
13
55 118 155 46 138 110 11 3 97 31 27 16 119 
11
153 75 55 106 37 135 133 119 65 83 52 
17
67 112 146 135 121 8 48 46 70 103 78 123 120 95 39 98 81 
22
83 6 148 100 3 93 114 157 113 10 108 140 44 136 59 127 107 42 50 97 41 116 
16
105 53 124 146 84 26 73 15 130 104 8 119 156 41 14 49 
15
63 24 105 58 119 98 94 112 145 76 47 45 113 90 57 
11
42 64 29 123 23 157 18 78 137 30 121 
20
1 18 91 56 147 123 82 21 132 67 104 154 151 89 139 51 129 9 63 5 
20
37 20 48 19 14 111 16 144 10 97 45 82 110 80 46 29 3 104 147 60 
15
137 9 107 110 105 43 60 117 102 99 113 140 103 139 112 
16
84 99 36 100 104 109 47 55 21 112 136 111 113 15 27 28 
16
89 30 96 33 155 57 79 0 73 29 131 127 149 112 32 10 
11
32 104 22 72 38 126 119 88 112 68 98 
13
118 114 91 134 66 3 98 154 58 24 63 40 19 
16
113 105 62 29 28 117 153 40 111 150 19 76 116 128 26 41 
15
111 122 83 104 26 78 124 19 27 13 103 159 95 35 144 
25
125 4 28 40 130 148 110 26 73 152 43 103 62 2 64 109 123 30 23 105 91 10 115 143 32 
21
97 81 39 135 82 100 136 92 21 155 24 121 2 105 107 61 59 106 150 60 104 
19
125 109 1 153 158 30 98 149 49 54 21 104 100 105 119 38 117 150 129 
21
84 108 18 40 136 98 31 83 87 73 82 61 75 19 68 159 150 26 117 64 2 
12
45 87 76 58 53 82 44 64 145 15 141 111 
13
72 94 71 144 78 49 66 5 31 30 109 146 98 
19
4 57 156 137 159 36 154 109 61 104 72 60 8 66 114 87 144 113 92 
10
73 108 95 33 35 45 27 2 153 154 
15
137 100 49 21 8 38 96 15 107 87 84 125 113 99 95 
10
42 76 35 53 25 126 45 97 139 80 
13
73 131 97 49 18 7 112 91 3 92 142 101 130 
12
110 136 1 11 142 66 17 62 31 144 157 19 
14
58 68 8 101 90 76 102 21 111 89 97 135 61 157 
24
151 14 6 12 152 110 99 133 81 79 53 142 92 93 126 56 1 4 55 134 23 27 155 26 
17
111 42 135 113 48 9 54 88 3 71 153 81 15 1 140 119 66 
17
3 11 107 84 120 78 31 0 130 25 142 46 63 124 90 14 45 
14
75 66 80 79 144 20 17 106 15 94 134 154 98 3 
12
136 90 23 84 7 9 78 39 109 64 156 85 
13
88 146 4 72 38 32 145 85 102 78 11 113 77 
15
111 157 135 25 50 126 99 152 77 5 90 86 121 22 69 
15
121 149 18 17 92 6 60 158 65 20 28 106 52 4 2 
19
149 31 14 4 19 159 79 56 102 75 32 141 44 36 59 47 144 58 70 
13
75 144 124 96 81 138 56 69 74 9 65 53 93 
15
35 80 92 64 28 108 3 47 1 31 0 54 127 124 152 
17
125 91 16 52 130 97 112 138 36 96 81 140 123 74 77 6 76 
11
122 128 5 114 112 6 105 155 73 98 67 
19
75 72 49 154 77 104 119 117 25 78 81 150 152 5 57 101 91 87 93 
14
27 1 74 135 36 79 147 28 55 133 15 33 95 48 
8
67 157 26 102 120 86 64 104 
14
11 9 48 49 144 57 159 135 4 22 98 88 125 104 
19
37 62 52 71 155 132 88 59 0 19 69 56 115 42 18 76 21 32 144 
12
94 122 155 44 56 124 39 126 4 121 66 73 
10
63 4 76 27 147 144 24 84 111 90 
20
88 116 127 133 39 140 32 90 154 103 143 13 64 146 122 132 117 110 5 141 
13
151 150 45 100 69 73 53 14 115 90 129 85 70 
19
97 50 27 155 129 70 13 38 89 99 81 85 7 153 25 144 34 4 116 
16
4 7 33 48 1 45 102 138 143 62 32 66 68 2 103 0 
12
111 47 13 98 90 6 11 67 66 0 60 71 
15
87 132 30 131 55 64 14 48 39 113 92 51 89 106 42 
12
153 145 79 93 137 75 109 40 114 112 47 113 
11
67 145 124 155 47 43 42 102 86 74 31 
14
58 19 159 111 124 5 37 25 137 45 154 130 134 2 
10
4 96 150 113 109 80 146 125 118 88 
13
137 19 117 84 144 29 102 90 108 152 118 72 127 
21
33 24 106 146 142 151 95 70 55 42 14 112 141 136 74 69 76 27 65 62 124 
11
88 117 157 6 75 90 3 94 99 128 38 
17
130 35 139 156 101 98 65 79 15 13 80 66 20 123 43 122 1 
13
54 43 113 71 131 33 22 72 35 77 65 49 69 
17
16 2 152 117 49 1 132 44 140 82 13 110 114 38 0 86 59 
