150
1420 94  600 712  760 359  502 624  1527 267  1517 492  590 168  322 226  871 238  25 625  380 531  740 143  1195 311  216 636  134 73  1237 622  99 296  535 571  158 131  1089 274  133 224  834 405  1044 192  1360 90  1244 773  998 432  1484 318  179 225  626 367  382 261  525 717  638 647  1449 686  1506 694  591 162  549 715  140 105  460 31  269 62  1001 278  409 190  390 44  1506 53  667 191  1489 309  635 566  1082 442  1324 370  346 215  219 795  951 211  1465 196  513 650  1163 453  444 630  1189 589  699 355  564 634  1066 370  610 809  989 204  544 343  1452 650  407 259  550 268  1283 305  202 250  1310 361  933 151  889 713  207 142  1208 168  364 126  223 57  831 388  1189 642  1546 56  459 745  1409 556  80 326  740 523  1447 669  110 505  284 161  1324 292  151 378  166 200  634 590  475 633  1039 532  621 684  1374 196  567 482  205 238  1191 419  813 481  835 679  259 560  711 66  333 517  235 29  149 674  1140 578  1133 240  1479 223  892 295  415 797  967 602  495 337  1216 305  699 109  1042 278  1050 773  376 208  748 576  1502 260  1258 208  1271 153  1239 729  996 232  150 145  1272 66  218 176  967 65  881 220  1404 803  600 306  316 479  1323 75  618 256  1549 386  192 390  1457 285  441 287  1000 681  761 813  696 710  1278 787  306 137  1262 251  1544 512  1117 392  762 660  1286 776  1136 243  110 822  581 266  58 423  82 110  1106 729  
25
114 56 7 44 43 73 104 101 5 32 61 128 39 74 124 122 94 87 68 65 130 25 48 148 144 
28
133 2 67 89 3 53 26 46 90 62 136 21 84 18 109 124 91 120 72 118 6 5 82 100 64 22 77 17 
21
1 4 103 77 53 88 147 111 62 43 40 32 97 38 120 16 105 98 126 133 80 
27
128 1 40 78 14 92 67 122 109 42 94 116 80 98 76 33 118 64 107 37 34 53 30 100 143 75 49 
20
2 106 101 14 63 22 51 36 75 85 6 55 124 147 123 38 80 122 74 39 
23
101 140 129 90 134 54 123 0 49 148 104 52 70 1 74 120 85 115 77 93 102 98 14 
19
86 78 102 21 20 82 67 75 88 111 1 43 65 4 57 147 12 32 115 
17
77 0 40 74 51 69 49 12 37 36 88 109 92 10 95 111 143 
21
119 142 81 139 65 138 61 83 64 148 15 90 79 78 110 109 13 16 59 115 9 
14
18 137 146 99 78 14 95 52 37 50 67 27 138 8 
22
101 43 50 70 72 114 107 30 121 73 81 33 49 133 83 100 52 89 7 130 93 120 
21
47 145 40 48 20 38 82 91 132 19 85 89 76 65 97 49 22 149 68 18 57 
22
27 84 40 111 51 48 57 7 79 28 74 91 43 78 42 14 33 98 118 32 6 73 
17
96 105 80 118 128 20 36 79 114 143 124 115 59 8 45 98 146 
27
66 61 134 78 9 94 3 69 50 26 107 86 59 73 90 4 114 58 110 116 12 62 15 102 5 135 142 
23
55 148 116 134 117 39 47 8 69 44 121 136 101 113 130 48 110 14 111 46 75 98 126 
17
40 90 74 88 30 131 132 142 28 105 104 81 2 8 134 31 84 
19
126 136 97 76 56 21 82 66 65 69 132 86 24 143 78 84 18 104 1 
25
145 9 60 38 40 135 85 69 44 25 1 27 56 143 26 101 126 147 84 17 110 87 148 134 11 
19
62 126 86 146 49 113 131 11 35 51 33 93 41 115 122 80 114 82 55 
17
83 143 33 63 13 56 32 62 11 6 38 133 90 60 80 53 34 
23
47 50 17 6 60 69 93 118 1 76 65 134 100 109 111 114 128 22 86 45 136 81 48 
24
106 135 124 118 127 74 97 49 86 66 83 132 4 76 112 27 137 88 28 21 1 50 117 11 
18
65 28 128 59 115 48 64 92 82 24 37 78 50 69 57 35 80 38 
18
104 121 131 133 77 38 47 111 137 72 17 149 23 101 125 138 126 139 
16
133 40 31 85 18 69 131 83 72 129 91 30 0 64 32 68 
20
145 107 128 123 14 137 102 1 57 76 106 126 18 110 124 83 75 52 42 88 
24
91 12 42 51 115 118 79 39 64 38 30 99 126 18 116 22 9 140 83 76 148 124 47 36 
18
121 138 23 82 66 109 12 33 16 145 37 116 84 22 124 75 47 90 
17
110 80 71 139 68 64 126 101 35 125 117 91 87 116 108 127 119 
19
129 122 80 10 148 16 54 57 27 125 37 78 3 25 108 38 66 119 81 
24
71 40 122 25 66 107 114 58 112 72 127 121 95 42 88 148 16 61 33 81 74 60 131 63 
21
69 73 85 20 84 48 36 0 78 111 2 135 125 81 77 12 6 66 25 91 141 
22
20 38 101 96 10 126 104 28 3 99 93 19 12 86 140 80 132 31 117 41 44 134 
17
135 129 44 80 125 141 114 78 112 42 59 3 101 52 20 64 105 
18
74 65 146 116 125 63 29 36 112 64 124 19 148 93 121 141 97 23 
19
91 102 108 65 32 13 45 35 135 7 4 113 95 129 54 107 27 85 143 
26
100 63 130 67 146 61 123 30 75 55 54 93 117 7 9 69 28 104 3 135 148 23 110 128 139 86 
32
79 56 118 18 33 147 95 119 11 27 24 70 127 65 20 63 140 92 2 72 49 78 148 120 108 96 125 149 30 4 51 23 
19
138 93 45 71 55 83 88 27 15 110 0 43 141 122 78 148 85 109 4 
28
125 16 12 84 3 7 31 98 18 11 25 87 57 145 49 108 2 70 112 135 147 123 75 68 139 116 67 102 
17
119 109 73 87 117 132 95 52 67 75 19 118 33 79 103 82 108 
28
137 27 109 50 46 139 136 3 102 133 82 101 77 132 34 79 113 12 147 31 83 56 116 26 129 93 69 121 
21
10 108 130 125 0 118 98 83 2 57 84 58 100 12 137 39 6 71 119 82 112 
23
138 79 99 0 145 34 18 51 15 70 50 81 146 90 98 117 109 106 88 62 118 33 122 
25
91 52 61 127 73 39 82 112 80 36 122 96 69 125 57 110 146 114 71 121 117 21 13 142 139 
19
143 76 114 139 133 120 63 87 42 123 1 116 57 82 15 129 67 92 70 
21
138 11 21 105 84 15 140 50 56 24 53 89 92 146 52 110 68 78 134 27 28 
21
119 76 51 72 11 12 32 58 106 23 63 132 50 137 91 15 78 69 0 109 21 
28
137 94 140 125 60 81 7 5 10 40 64 149 19 22 61 111 128 119 38 89 58 130 98 68 11 129 57 3 
33
10 85 111 14 119 59 42 21 81 88 47 60 149 44 57 141 146 9 77 110 48 71 52 69 140 23 134 132 103 74 22 79 66 
27
138 56 27 48 143 128 12 7 61 83 44 52 96 71 82 123 120 113 19 4 59 137 91 122 125 68 38 
23
45 111 130 109 97 53 135 9 149 51 41 138 10 59 74 5 34 50 47 26 63 129 70 
18
131 2 1 52 91 139 54 47 92 141 3 20 140 117 128 71 61 90 
18
91 56 61 5 30 82 37 88 53 124 112 119 115 118 120 81 36 121 
26
123 15 146 73 39 104 70 144 37 88 117 141 109 121 78 4 143 139 87 134 59 142 84 124 135 19 
19
0 54 120 38 51 141 17 20 113 63 129 47 18 82 73 42 83 118 149 
29
119 91 97 112 127 26 115 12 40 30 43 70 64 130 50 132 138 46 45 6 83 111 141 125 118 49 71 23 11 
16
123 144 95 143 48 104 31 91 43 117 14 49 89 96 133 65 
20
108 149 50 70 103 14 73 23 133 34 52 13 51 8 55 148 118 64 109 69 
17
18 73 49 72 129 116 50 21 96 124 78 120 20 75 126 104 31 
31
45 81 95 14 144 66 119 75 8 54 51 136 37 93 82 96 0 122 49 108 116 69 62 88 99 139 31 53 97 83 121 
21
104 19 100 2 130 20 101 74 121 1 86 91 118 61 14 129 77 107 148 44 132 
23
37 80 125 20 120 46 119 77 35 56 95 76 75 48 38 4 52 69 149 110 85 135 31 
25
112 147 114 80 29 8 27 109 145 49 129 103 23 35 57 3 110 107 79 89 1 115 59 25 34 
24
35 23 8 85 36 71 96 79 21 38 17 107 87 101 127 6 139 0 144 11 128 58 119 122 
17
70 14 61 87 142 28 31 89 124 17 22 68 141 98 50 32 30 
24
1 125 84 37 3 89 92 123 41 79 6 108 106 116 9 129 122 117 68 46 139 40 105 86 
20
93 29 143 69 66 118 139 88 0 98 120 112 78 47 49 67 51 40 11 25 
33
70 32 125 76 14 91 7 18 118 89 21 102 15 68 97 25 17 37 45 121 50 71 61 124 48 132 63 23 73 108 99 42 59 
24
91 66 114 104 69 122 116 90 82 10 55 59 102 132 44 38 57 40 100 5 71 46 52 98 
24
101 31 39 29 76 65 78 91 116 87 128 126 51 50 69 45 100 43 53 80 112 70 57 75 
25
101 10 139 86 48 122 105 114 60 76 92 84 31 24 111 133 121 38 1 25 95 79 104 100 75 
29
45 55 41 60 32 80 147 10 0 137 132 59 91 84 133 14 149 141 116 86 78 89 143 56 106 76 115 69 12 
27
114 35 16 135 110 7 62 147 22 101 134 12 125 141 145 96 0 52 5 123 117 85 99 50 119 31 4 
18
128 61 63 37 41 6 78 4 60 26 115 28 130 15 40 3 71 72 
23
46 48 69 134 17 71 80 95 63 145 3 21 72 148 26 132 86 22 89 121 11 27 73 
22
93 7 115 2 63 131 126 24 111 123 86 42 85 50 101 32 124 5 62 130 149 1 
31
104 9 149 6 14 141 3 135 126 71 34 32 60 73 30 8 12 75 90 48 23 120 55 38 17 121 68 128 82 39 47 
20
87 38 44 82 121 27 13 133 12 65 8 67 112 42 64 146 72 50 134 41 
26
63 13 29 30 73 111 64 45 76 134 131 34 3 148 142 20 33 19 128 112 2 4 88 71 23 116 
24
61 109 8 146 144 102 90 10 49 50 133 148 145 44 128 16 94 32 125 129 54 31 21 30 
28
98 97 113 45 79 70 28 110 11 42 17 61 54 6 23 51 101 1 56 105 46 133 114 78 43 92 19 41 
27
100 138 126 106 20 134 39 85 8 125 105 51 43 117 10 128 22 25 84 86 42 26 27 57 97 56 61 
24
102 67 12 40 144 47 88 32 73 43 1 72 96 83 28 129 17 18 55 93 143 120 16 138 
17
136 50 83 32 65 18 25 111 77 145 4 11 74 5 63 39 36 
23
138 6 19 72 14 106 94 123 122 62 22 77 73 105 76 17 108 83 33 21 37 88 67 
21
133 79 139 66 92 41 46 40 71 65 109 111 117 122 0 55 118 29 18 98 105 
28
134 124 2 84 118 39 16 106 50 55 147 54 108 6 104 7 31 22 102 68 61 44 26 80 90 142 86 97 
18
145 1 90 67 66 69 129 121 142 73 47 10 76 64 49 58 11 136 
22
70 16 5 101 123 81 89 105 1 122 8 14 108 44 95 20 127 78 131 53 88 28 
29
119 118 36 145 70 45 117 54 27 57 94 69 71 73 11 53 112 114 58 12 62 1 48 29 138 51 25 97 32 
20
117 87 115 111 3 138 135 131 23 67 72 38 114 106 53 122 47 7 82 46 
21
39 77 144 68 113 131 149 118 21 107 61 37 35 33 19 101 120 5 10 84 42 
16
104 14 91 49 3 86 119 133 102 146 81 0 98 147 101 100 
15
61 121 58 9 38 76 63 111 41 99 90 31 72 36 7 
17
135 13 33 60 45 65 61 51 143 124 74 84 129 123 38 58 126 
21
82 140 17 52 106 57 22 113 69 141 2 35 83 11 117 91 105 61 134 147 88 
22
145 141 139 82 121 40 43 3 148 44 12 2 94 68 49 13 5 15 66 87 134 70 
15
9 44 118 27 33 131 119 95 126 61 74 129 105 139 69 
22
119 101 112 37 83 140 62 21 43 103 70 106 10 138 1 144 129 3 71 94 117 72 
27
100 5 10 71 72 90 33 108 149 62 0 29 74 4 42 15 127 82 18 34 111 65 93 77 24 94 124 
18
36 84 81 26 6 121 70 42 69 147 94 149 88 134 14 5 144 40 
13
2 59 112 64 100 111 113 122 131 105 50 41 123 
27
70 62 78 24 94 55 120 121 0 33 58 5 119 16 135 37 117 88 129 131 17 72 118 147 60 143 125 
21
13 47 131 121 109 72 83 112 90 142 16 86 146 2 103 82 99 97 34 87 67 
20
83 22 97 114 122 4 88 149 48 86 142 135 26 140 100 67 92 110 44 73 
21
26 148 132 109 10 14 142 31 93 139 140 125 65 3 64 113 62 115 137 36 118 
23
36 59 43 137 101 127 40 116 61 88 90 67 145 86 139 109 38 30 29 149 69 41 140 
30
81 42 107 41 52 143 105 128 28 3 64 122 144 141 87 1 21 146 55 44 8 7 108 120 132 48 123 135 59 39 
20
128 29 74 82 149 39 64 14 123 50 26 8 45 15 106 37 47 63 114 18 
29
52 2 12 50 80 92 125 95 77 118 131 85 32 24 103 87 49 21 72 123 101 6 112 147 15 57 7 129 149 
25
100 64 118 57 45 103 105 141 35 91 40 34 31 79 147 129 22 54 111 80 68 123 43 71 122 
13
93 82 139 56 97 19 15 103 51 142 42 107 36 
27
70 74 0 117 146 46 10 149 64 106 127 72 34 31 91 145 141 13 14 92 21 134 45 82 115 110 19 
20
77 27 92 57 23 117 13 123 129 54 19 147 8 75 5 114 64 107 73 6 
22
70 15 35 60 3 121 71 108 73 132 61 146 46 27 28 14 67 42 29 130 40 80 
30
91 92 114 147 146 131 15 41 133 83 29 37 127 58 115 104 87 55 44 67 45 74 53 142 33 97 100 125 22 124 
34
91 134 139 38 112 99 13 93 27 88 22 125 140 69 43 21 127 3 111 62 68 1 41 54 12 87 142 59 104 44 57 128 56 107 
25
91 100 135 57 8 41 48 61 123 50 63 38 94 131 149 104 145 99 49 54 43 74 30 65 29 
28
140 123 56 63 46 104 136 145 130 142 143 60 51 2 1 124 78 144 5 38 54 93 109 68 122 84 10 129 
27
145 28 95 24 98 79 10 104 105 102 62 116 89 15 69 31 72 55 35 134 45 76 78 61 42 54 126 
26
70 30 31 106 3 72 45 109 90 86 61 134 0 103 92 87 67 51 19 39 120 4 142 112 65 44 
29
120 55 58 26 119 125 145 90 5 46 147 134 37 86 77 67 51 110 111 96 115 127 74 112 4 109 138 40 103 
22
88 22 66 60 35 140 96 13 1 54 0 69 120 26 4 77 28 149 55 27 101 117 
29
67 40 63 69 123 35 43 148 49 111 83 118 144 34 29 30 74 107 45 32 24 38 51 81 138 140 57 117 104 
22
83 133 17 147 19 78 29 131 33 77 27 71 26 99 18 2 140 60 24 15 121 96 
16
45 57 114 130 22 108 38 118 117 31 101 90 65 123 129 29 
22
26 75 110 3 129 13 51 109 23 0 71 83 81 49 21 131 80 65 53 78 37 118 
29
5 30 128 34 56 60 89 144 64 112 96 115 25 84 104 67 132 127 100 62 46 42 81 99 36 49 52 111 120 
18
52 37 43 62 127 120 135 57 15 134 49 10 0 142 144 75 116 77 
24
93 53 135 117 105 140 126 80 24 16 77 92 119 19 25 111 99 146 103 128 104 90 144 31 
21
107 137 73 16 70 136 41 11 76 57 116 42 48 22 17 129 69 50 109 33 62 
22
126 1 87 25 46 146 117 24 42 79 81 73 94 10 20 59 72 145 2 82 138 58 
27
118 88 83 14 15 76 5 80 123 74 21 122 138 114 130 102 16 121 55 50 137 47 79 97 98 18 33 
24
119 96 34 131 78 74 22 18 52 130 92 40 106 36 104 37 32 145 141 144 109 55 63 14 
11
144 85 17 120 61 42 132 1 15 21 89 
16
9 42 49 108 132 73 26 24 43 48 22 51 139 134 107 149 
24
83 51 39 86 44 47 147 28 144 8 92 148 52 134 57 100 91 9 133 24 125 142 123 84 
24
98 87 118 46 113 72 8 140 29 42 107 53 68 137 55 61 65 108 37 99 67 40 24 45 
23
5 120 100 97 139 49 131 149 118 47 107 38 106 124 141 50 27 33 53 126 125 147 108 
21
98 78 56 34 112 73 74 114 50 109 97 55 39 140 35 53 135 148 57 66 32 
19
8 66 120 107 16 105 106 89 113 80 130 55 117 118 138 45 88 122 14 
18
20 46 51 109 58 120 68 96 13 18 73 55 17 3 84 104 7 36 
19
93 136 61 138 81 58 84 125 55 129 109 100 120 130 65 135 131 102 0 
23
91 18 26 121 149 98 89 123 11 120 44 40 64 76 81 114 28 119 74 108 85 135 133 
20
9 55 114 35 117 81 133 19 37 44 50 94 109 116 105 45 79 131 47 13 
23
138 126 117 2 64 73 38 74 123 102 40 88 112 42 18 6 115 111 94 4 104 97 140 
22
107 15 125 30 8 81 5 98 76 138 80 35 37 38 31 59 62 27 141 39 18 0 
25
145 78 59 114 93 101 140 106 110 49 52 50 73 119 24 102 38 124 63 108 137 77 11 111 56 