160
58 743  1254 772  331 305  1027 409  1372 227  72 57  429 731  122 252  1379 277  344 38  1297 535  421 758  145 218  393 274  1076 52  49 360  1234 36  397 691  123 333  536 299  1224 228  293 595  1081 129  1067 282  981 219  1091 701  471 579  598 527  898 102  1404 603  823 179  624 728  918 125  1280 563  810 74  184 438  460 642  1308 439  805 210  1130 698  1471 598  668 178  474 327  733 475  1302 110  1231 780  569 507  1116 321  816 758  705 819  56 259  1100 707  1433 621  1090 816  1529 181  734 567  428 787  867 422  1497 717  167 139  300 517  1032 283  684 33  919 231  949 614  282 448  986 526  1175 807  434 695  1039 304  492 427  47 339  1380 603  864 397  1446 731  133 26  562 154  892 194  443 232  1102 154  851 578  481 646  1000 384  448 388  855 628  1280 350  201 499  1024 597  650 33  1413 236  1022 503  919 628  1168 446  662 310  1283 300  1284 84  1163 737  1187 555  874 400  757 180  707 716  932 455  402 537  643 207  621 795  236 725  1527 561  945 818  1398 737  1189 506  1260 719  1480 590  1000 826  1114 504  454 324  1178 95  434 57  294 45  1150 475  1368 345  412 796  47 569  1524 478  810 514  308 303  1332 685  610 522  1277 52  310 51  657 587  871 676  1498 770  373 684  348 549  135 251  560 616  715 150  113 341  1533 142  72 290  1282 562  1489 114  32 452  913 207  1073 378  532 259  1007 477  1483 443  149 561  1116 376  1114 224  171 244  1370 98  447 147  1453 428  532 390  126 200  1375 210  886 639  1214 545  
29
139 106 2 19 14 53 156 58 148 127 46 153 40 5 123 24 78 20 94 66 128 42 64 95 120 8 44 50 56 
25
47 135 58 73 13 3 82 95 121 32 17 89 80 40 64 22 131 101 44 10 25 7 109 133 57 
23
17 101 6 23 0 30 145 84 86 79 22 20 81 142 77 59 42 107 130 126 46 38 149 
36
22 93 81 84 43 135 130 16 1 66 127 21 134 115 78 146 139 82 55 91 75 107 49 106 4 72 11 143 102 26 24 77 47 94 97 89 
21
31 117 142 113 13 55 121 112 69 33 107 38 122 83 48 3 86 148 35 103 150 
27
68 43 124 143 27 102 146 70 8 0 74 136 61 129 40 147 109 82 99 54 137 84 46 13 22 12 119 
32
85 39 2 8 105 141 13 124 30 35 99 88 84 26 115 151 59 129 16 143 132 98 145 139 37 22 106 89 136 109 24 38 
26
94 124 149 152 128 154 119 57 131 36 26 109 93 59 121 117 91 16 146 118 1 134 13 130 112 9 
34
35 98 142 158 54 6 78 64 5 120 81 106 30 76 147 102 111 57 74 17 38 107 16 45 37 153 82 0 125 52 127 28 36 47 
35
16 155 97 108 113 90 128 75 95 134 67 46 109 11 98 77 93 76 29 89 25 21 159 151 146 58 32 85 142 115 116 110 87 64 7 
41
106 94 66 110 125 29 81 23 157 83 17 100 90 89 101 135 60 95 104 12 156 55 52 138 87 72 120 151 153 69 116 127 119 150 1 111 64 41 140 28 102 
31
85 65 33 71 120 100 84 16 41 77 107 18 137 92 51 9 34 145 131 141 42 159 28 90 133 3 80 29 35 152 128 
37
108 78 64 28 102 49 76 67 142 25 32 95 100 10 16 137 154 111 117 79 22 86 88 140 118 26 73 5 131 46 54 139 59 52 153 74 85 
29
29 113 115 4 86 34 35 124 1 141 78 6 101 57 159 136 153 79 5 132 71 143 156 98 67 7 40 102 142 
26
156 95 83 0 57 129 47 145 106 155 56 142 147 152 132 53 76 99 90 136 50 45 107 54 33 125 
28
21 119 147 110 59 112 143 88 86 30 121 52 140 111 102 148 72 76 20 73 83 89 78 49 77 48 28 139 
41
54 9 143 110 46 94 105 152 11 3 123 62 109 35 95 24 111 22 23 91 12 33 93 147 117 42 112 118 132 6 29 98 7 92 8 154 151 114 139 122 115 
27
65 56 2 73 47 48 10 117 46 94 80 110 18 115 27 71 1 129 60 113 131 148 21 8 154 140 90 
29
38 64 113 150 114 61 74 23 71 11 133 17 148 112 143 87 128 76 72 35 130 111 92 98 42 151 116 79 59 
31
88 84 138 89 0 39 145 140 22 109 73 93 118 134 36 135 99 67 32 150 63 86 90 131 155 69 38 45 47 65 143 
31
38 113 82 106 118 137 95 66 93 15 36 151 0 107 153 144 2 140 97 61 148 143 88 112 47 22 39 78 54 40 139 
27
90 15 44 32 93 39 150 23 3 36 92 128 66 152 134 9 89 43 17 58 143 103 110 126 91 109 69 
35
48 3 77 124 19 95 87 74 149 82 154 16 92 130 106 134 29 156 151 38 133 2 146 42 12 1 101 128 5 25 94 6 143 20 78 
33
158 115 10 2 42 140 18 55 50 106 21 85 101 16 92 99 147 141 155 145 70 64 113 95 39 114 112 100 59 116 136 33 82 
37
51 135 144 150 102 158 47 130 115 42 117 16 124 157 0 105 36 40 26 90 116 119 50 126 66 35 96 69 71 64 77 3 145 30 6 61 59 
37
85 62 113 123 157 91 104 68 152 12 126 48 40 151 74 45 31 47 61 43 9 95 129 142 33 58 136 135 84 1 154 22 70 118 102 159 93 
26
158 55 94 145 154 88 103 69 59 63 114 129 24 70 132 6 7 83 98 116 105 156 12 3 107 37 
29
156 62 112 5 151 110 133 106 70 56 17 99 102 77 41 67 118 126 44 114 125 127 53 54 79 124 134 98 28 
31
68 70 12 158 120 112 118 69 121 144 92 66 42 34 152 32 110 135 11 30 131 99 45 74 97 8 10 15 149 41 27 
31
159 13 10 36 40 116 97 72 127 117 77 22 48 139 95 9 105 45 142 86 16 75 132 107 92 11 149 91 79 108 50 
27
123 93 34 156 2 95 102 119 73 15 48 139 150 127 6 121 130 8 132 101 61 28 70 81 50 69 24 
33
144 4 61 43 143 128 95 94 107 120 121 78 76 46 96 41 25 64 127 35 123 151 159 75 119 85 154 99 71 97 33 111 114 
41
33 156 152 21 85 36 116 93 91 12 60 115 63 1 153 155 100 78 75 56 132 54 38 130 125 66 64 28 101 143 9 19 124 102 48 97 80 99 107 108 42 
40
11 135 140 32 104 44 84 116 129 89 127 72 112 79 126 16 155 115 96 25 46 4 37 83 48 39 136 34 124 134 31 113 58 92 101 49 117 130 14 23 
34
67 62 30 118 81 64 56 13 36 159 63 71 73 11 133 120 146 110 121 28 94 100 69 147 88 51 98 141 33 59 144 139 38 145 
31
83 159 8 36 85 143 52 13 67 61 16 79 48 107 58 6 31 18 145 132 54 88 106 131 44 24 4 11 117 150 92 
34
35 57 114 142 117 29 130 101 90 40 32 34 44 50 62 21 79 156 20 105 134 24 19 7 138 37 106 115 92 74 131 133 8 100 
28
114 53 104 60 135 155 151 148 83 154 79 100 123 111 33 88 130 141 36 8 6 140 85 46 113 66 139 26 
31
40 20 18 130 159 131 73 126 145 80 67 156 63 141 72 52 22 84 32 122 94 71 43 4 8 34 2 128 19 6 48 
26
6 93 104 19 63 21 96 141 109 135 136 76 59 124 87 67 134 23 33 146 151 49 152 65 106 20 
30
50 38 90 127 29 79 45 54 144 36 85 140 0 147 25 153 44 5 1 97 24 65 137 88 67 63 13 58 151 20 
26
111 142 103 101 63 11 152 91 145 82 70 154 31 108 27 92 76 48 74 83 10 126 129 81 28 87 
37
89 97 133 23 86 126 49 92 56 24 121 58 158 70 159 116 141 62 143 79 98 22 75 114 16 28 2 11 139 0 18 68 65 109 130 115 32 
24
5 3 31 103 127 142 75 148 116 128 121 68 25 109 38 156 149 88 21 113 45 72 86 151 
27
127 124 21 33 36 73 67 61 137 64 40 63 136 57 80 109 151 158 27 35 71 1 142 0 91 119 106 
31
72 46 89 136 40 75 114 91 116 156 118 25 69 121 97 154 29 93 140 103 84 14 43 8 58 28 90 66 141 119 19 
31
45 114 16 108 17 68 0 9 143 31 105 106 83 139 133 79 95 33 58 72 5 50 63 84 104 144 37 2 81 12 122 
31
127 1 74 17 24 83 128 14 149 144 77 106 68 105 65 84 152 120 25 107 154 141 53 54 86 95 111 3 20 19 8 
36
156 150 22 143 72 145 17 52 96 25 30 109 134 50 35 29 123 139 71 138 88 66 157 41 33 58 32 4 85 86 101 154 49 15 115 38 
31
158 149 147 128 12 42 87 62 80 68 108 79 83 131 95 81 145 51 67 3 107 133 15 122 72 39 58 48 33 123 70 
38
127 85 40 83 114 106 129 131 147 23 93 89 36 88 77 48 94 137 100 145 87 99 14 82 126 154 24 117 102 128 46 30 135 0 54 158 116 29 
33
122 111 24 107 125 115 106 91 11 118 70 131 117 71 59 69 49 154 101 102 151 147 113 97 34 74 121 108 55 94 64 89 53 
25
74 142 144 48 35 139 15 127 59 10 94 70 38 106 136 96 132 79 118 63 76 87 97 8 12 
34
37 135 55 112 0 93 156 63 136 71 68 117 78 67 151 148 91 14 101 139 82 105 81 62 132 76 84 47 79 77 27 80 56 51 
33
127 16 95 8 40 146 119 80 159 104 105 118 151 32 35 5 109 84 150 68 123 101 47 82 120 14 27 71 129 50 121 12 20 
17
26 81 53 94 87 23 82 86 70 4 10 71 155 3 130 51 108 
29
17 101 88 137 67 75 42 149 34 90 27 80 124 112 144 72 14 32 108 123 64 74 57 99 109 81 104 0 53 
22
36 64 96 14 83 13 90 103 73 70 7 138 44 56 79 8 149 113 118 133 112 1 
35
71 144 80 99 90 86 88 0 1 69 42 35 147 146 72 130 106 82 9 46 116 108 120 157 48 25 151 21 117 45 33 49 40 63 127 
31
86 136 87 15 115 116 158 52 142 148 39 105 26 51 106 157 141 2 89 62 6 7 135 73 122 23 34 81 12 24 18 
28
71 122 82 89 37 128 159 32 10 99 140 77 149 138 90 114 17 109 141 72 78 93 76 85 65 97 136 143 
30
122 140 130 110 149 31 105 18 67 35 73 44 5 148 93 25 95 20 128 126 102 30 143 139 136 153 116 79 24 74 
26
27 91 25 92 34 143 93 140 84 49 16 85 106 36 147 42 139 135 89 64 59 53 132 130 113 137 
29
67 115 156 64 39 139 41 53 34 32 141 122 38 44 136 26 76 52 102 19 46 99 66 40 121 58 130 107 113 
38
12 18 141 146 34 136 118 63 57 8 89 78 135 81 102 157 44 137 97 31 106 114 56 147 62 1 65 103 23 32 152 148 0 140 10 51 24 9 
32
11 17 158 91 134 122 93 159 137 108 157 118 139 66 140 76 47 97 67 90 135 64 40 131 71 125 86 42 60 39 149 19 
36
10 108 147 105 130 89 140 152 20 3 65 110 123 157 76 141 114 21 95 28 48 86 150 0 32 136 133 24 127 63 118 82 45 111 37 98 
36
56 63 34 124 12 86 61 35 9 44 70 38 154 92 65 102 143 90 27 53 39 76 121 19 49 127 106 101 119 98 40 120 72 85 13 150 
32
134 28 5 76 86 159 25 101 128 156 49 98 46 143 53 47 108 122 43 103 132 54 111 70 42 116 125 85 84 141 129 73 
27
85 58 142 70 28 89 118 80 45 26 4 91 51 125 113 141 127 34 10 77 24 86 19 30 90 78 21 
38
28 110 83 108 5 55 131 27 144 69 154 42 118 67 51 41 52 92 57 126 89 23 26 130 30 138 68 25 93 119 149 127 142 120 105 136 88 49 
26
11 58 60 77 90 109 147 18 140 53 34 17 55 51 128 48 97 38 44 65 153 13 31 81 24 54 
42
150 45 116 80 98 48 136 103 33 29 83 154 147 100 38 87 15 127 56 102 10 109 58 18 89 112 118 143 107 46 60 111 43 67 138 3 120 49 81 155 86 97 
31
17 82 38 30 156 19 92 139 1 93 61 157 44 152 128 34 15 57 116 151 59 120 106 12 154 134 145 111 68 114 135 
28
47 153 52 158 18 22 124 108 5 25 118 92 56 85 135 93 156 8 51 116 41 82 125 96 28 36 61 12 
23
107 148 56 141 154 45 9 43 103 32 123 125 82 86 42 126 31 3 29 152 143 96 153 
29
120 109 68 12 127 99 155 158 91 66 39 65 31 15 139 9 18 41 8 63 67 14 53 80 135 52 83 60 125 
31
71 22 138 158 11 50 129 140 47 83 92 105 29 60 9 120 27 84 98 2 112 69 154 121 150 115 15 53 24 3 151 
26
12 8 109 155 143 64 13 31 158 53 3 32 133 0 106 111 15 60 119 134 146 104 157 20 69 22 
34
138 121 134 88 40 141 118 151 102 33 136 35 37 36 2 49 147 42 12 46 52 152 57 13 120 154 82 108 53 61 27 29 18 153 
32
133 143 58 72 138 127 49 54 119 17 56 38 150 135 102 69 147 111 1 136 134 154 44 132 92 76 99 85 32 53 84 11 
35
94 55 10 3 34 150 155 123 103 64 115 8 106 49 2 107 91 53 133 85 146 56 82 117 30 95 71 114 59 72 46 41 136 151 109 
39
20 133 117 143 106 60 73 129 102 55 1 22 41 159 128 138 104 86 5 75 121 131 3 53 97 58 150 50 54 81 79 118 113 74 8 66 126 96 23 
30
50 35 157 88 10 70 14 47 116 72 37 77 57 129 158 49 46 104 117 15 26 118 33 132 86 4 76 41 112 140 
28
19 129 33 3 11 62 2 118 47 38 77 134 112 6 54 45 53 5 106 87 94 46 25 158 80 90 125 68 
40
50 11 138 25 6 69 115 35 93 142 116 32 40 98 62 23 128 110 150 155 146 100 74 81 92 9 31 145 48 80 112 37 87 67 91 131 60 68 12 157 
38
122 154 59 127 102 42 68 58 128 55 13 67 15 149 109 2 111 153 82 75 156 66 12 29 147 83 158 47 94 69 4 19 65 48 117 43 72 99 
32
127 114 59 55 131 141 49 22 142 145 72 115 102 39 18 95 10 107 129 50 139 109 104 84 52 111 85 155 99 126 9 41 
32
56 19 79 83 58 15 50 103 26 96 133 6 90 48 152 35 97 143 12 34 43 37 40 135 20 145 119 149 93 139 70 153 
29
101 132 42 45 19 60 33 66 50 64 10 107 69 1 155 70 62 9 72 151 59 21 15 141 156 6 125 51 3 
30
40 21 151 71 118 58 36 153 9 157 10 56 57 65 67 88 60 24 126 14 158 11 102 148 19 84 45 69 134 17 
36
65 112 62 144 25 119 153 41 128 45 32 148 51 151 76 16 139 131 92 69 114 145 53 81 137 3 133 99 7 109 140 85 141 29 44 21 
30
102 116 62 42 125 73 11 77 136 22 23 67 21 28 70 91 41 74 85 18 103 109 80 16 36 29 33 127 35 154 
31
30 39 3 85 65 62 128 21 152 53 50 19 32 73 20 95 119 9 16 150 61 112 45 7 154 74 60 116 70 88 25 
27
10 81 7 123 159 26 16 111 55 31 17 157 50 52 0 133 38 34 104 84 86 22 51 127 146 3 137 
39
54 14 144 31 30 146 22 20 9 1 16 93 12 10 141 131 49 118 87 158 29 66 61 155 46 130 25 122 23 104 0 47 149 97 136 81 109 159 127 
21
138 156 112 48 57 39 147 88 31 126 125 52 33 113 97 143 124 24 74 75 82 
33
108 42 9 29 143 135 64 65 147 40 20 45 118 134 71 82 103 126 88 96 51 142 131 95 32 52 101 154 31 28 3 72 60 
25
8 100 72 146 124 85 68 117 140 9 77 42 136 26 16 67 34 6 18 147 13 134 137 27 66 
30
144 121 58 152 76 105 60 122 23 27 6 149 5 19 151 50 14 56 80 31 91 28 101 107 123 63 32 87 155 86 
28
127 156 102 98 11 119 146 139 126 10 116 129 12 72 32 143 50 157 37 85 34 114 132 23 141 134 105 36 
28
56 89 2 36 41 68 121 10 23 136 13 30 135 53 51 32 105 67 22 54 1 151 99 97 48 126 33 141 
37
138 105 92 12 100 86 106 24 5 107 82 134 79 30 15 108 64 80 87 128 27 67 72 135 158 8 51 61 63 32 50 136 90 3 13 25 10 
29
158 146 41 154 127 149 112 72 43 81 88 122 26 75 57 121 68 106 97 151 64 45 92 152 21 148 4 145 126 
26
109 33 39 155 37 25 127 54 143 10 112 82 144 83 116 121 147 115 94 87 95 140 46 78 111 56 
26
102 66 16 61 99 6 148 77 54 144 47 59 46 24 36 159 29 53 136 117 101 26 156 70 134 100 
40
50 143 10 152 107 0 82 20 102 51 23 27 62 47 22 14 81 8 46 59 52 64 156 58 78 103 130 35 3 157 67 84 36 73 6 142 145 44 146 39 
36
120 75 106 51 102 11 31 140 157 112 35 89 141 47 129 20 87 156 81 144 136 2 4 3 109 72 49 14 115 8 99 108 32 29 26 63 
32
159 12 97 66 9 70 65 46 144 121 135 74 49 102 133 68 41 134 56 137 125 58 129 51 139 79 107 123 157 55 32 29 
37
138 104 76 71 78 19 48 16 86 39 9 136 111 5 72 135 43 7 54 44 60 107 144 87 92 154 56 133 91 95 6 42 159 1 147 21 81 
18
10 141 61 16 15 147 70 27 17 66 85 34 132 28 114 21 116 9 
24
51 41 94 129 15 16 86 80 12 109 18 37 78 8 146 72 68 10 87 47 104 31 73 66 
31
91 155 53 96 157 103 27 15 151 33 28 107 4 18 56 104 84 145 72 93 16 77 23 115 20 85 57 136 83 7 127 
21
20 25 18 9 4 13 69 17 23 96 51 43 57 121 82 130 33 147 37 63 62 
32
50 37 46 36 143 87 18 127 154 45 156 135 140 126 153 66 117 26 64 139 91 42 60 27 110 23 100 150 16 81 31 73 
36
63 23 85 128 151 139 51 13 145 24 59 126 32 146 116 81 121 17 3 87 33 6 104 131 155 77 112 107 36 9 48 135 16 42 152 122 
42
92 131 135 72 29 33 85 118 32 83 45 100 59 136 115 42 43 126 73 104 125 24 124 10 26 58 130 132 74 153 147 61 93 18 68 50 9 23 110 156 159 152 
25
82 4 36 17 159 98 24 29 51 148 53 114 12 158 16 83 124 105 50 7 81 58 86 33 35 
38
120 90 121 34 64 20 79 116 65 144 84 51 45 28 70 69 54 19 95 74 97 27 52 72 149 83 16 150 7 12 82 147 57 66 25 151 132 159 
27
15 100 91 54 30 80 158 143 130 124 93 138 7 157 31 24 10 67 78 88 151 154 70 148 45 5 44 
25
11 118 76 129 107 128 28 31 8 77 34 47 133 10 138 79 58 67 73 154 54 0 72 70 153 
31
79 99 118 101 145 136 132 42 108 15 4 1 31 28 115 30 45 43 103 34 82 157 67 104 127 51 77 7 113 63 54 
26
65 86 51 61 157 127 60 154 99 103 63 134 123 68 38 95 142 144 4 59 49 138 128 16 46 115 
23
138 30 94 25 81 16 151 146 66 0 122 48 75 56 31 37 144 54 141 99 145 108 49 
25
44 5 98 67 7 22 13 74 119 24 56 6 135 39 130 158 147 117 116 157 32 96 33 125 27 
23
10 51 92 158 96 75 69 145 32 116 108 27 151 124 65 74 138 8 89 84 68 76 14 
40
156 134 42 127 38 100 25 115 151 131 145 33 114 128 149 136 70 139 96 116 158 27 140 61 90 75 97 157 130 50 132 24 2 155 101 41 21 87 82 103 
42
50 54 87 100 44 47 86 122 149 126 40 114 103 76 80 33 0 43 104 52 29 138 3 30 72 31 144 69 67 133 10 121 155 27 66 70 94 95 8 92 112 58 
33
120 49 115 93 31 86 68 47 60 9 91 148 7 157 73 85 141 102 82 21 126 18 71 43 61 0 50 22 137 122 142 38 11 
23
120 50 84 33 82 111 14 151 100 77 83 5 107 26 17 87 25 6 108 138 54 41 68 
35
139 61 38 36 66 133 3 157 24 136 152 153 22 119 30 124 58 131 95 18 32 70 106 55 126 116 37 2 144 113 7 33 63 42 62 
31
116 50 137 38 87 70 126 51 91 95 49 7 152 11 130 82 35 115 140 132 17 65 1 28 97 149 19 85 12 157 36 
26
89 151 121 142 52 30 32 110 14 35 26 53 16 80 68 6 131 83 126 29 13 116 100 62 145 118 
28
82 80 152 42 130 27 18 108 34 88 22 120 78 143 46 94 81 127 66 49 91 109 11 144 57 1 142 36 
29
65 68 79 126 102 9 48 22 3 122 108 36 19 84 21 80 39 97 147 78 33 73 7 98 142 100 90 105 27 
35
33 24 116 53 3 1 37 108 10 97 64 39 80 114 124 154 65 62 102 156 19 109 101 74 138 152 28 59 76 88 25 50 155 115 73 
40
59 45 64 72 130 121 53 79 116 92 101 5 39 109 13 63 126 146 52 80 107 44 105 139 98 66 14 143 102 25 33 61 95 144 6 112 70 81 23 60 
21
56 145 131 65 20 11 44 12 50 64 144 108 158 91 5 40 128 98 142 94 62 
26
85 102 79 123 96 109 19 158 77 80 127 119 10 82 48 57 60 135 120 129 36 70 72 122 125 153 
36
144 130 0 115 100 63 52 73 30 65 91 76 62 146 126 46 29 3 114 48 53 136 87 42 61 108 6 153 34 88 16 12 15 37 156 20 
30
33 61 23 62 19 66 107 40 71 15 77 60 98 150 155 65 114 20 126 45 131 12 104 64 37 91 10 83 17 141 
35
110 64 79 87 75 6 39 155 13 63 66 95 128 38 42 107 23 149 69 59 11 47 60 89 34 123 37 143 159 100 45 68 91 101 140 
33
156 52 8 36 143 41 4 85 12 69 87 149 43 146 59 14 132 148 2 25 29 122 153 9 97 44 106 128 134 70 133 137 13 
42
106 80 48 16 142 82 114 62 35 31 5 15 97 78 104 68 119 46 18 158 67 42 133 100 88 146 6 32 136 72 96 61 20 150 75 141 13 21 22 3 60 19 
32
58 139 99 31 95 24 91 52 146 40 108 70 47 118 158 105 152 28 56 137 20 104 127 107 109 123 122 130 46 136 133 34 
33
137 48 19 150 2 115 121 41 26 38 14 126 87 11 23 50 91 49 125 35 112 158 146 85 6 88 123 132 73 106 103 24 34 
32
103 100 64 144 147 98 54 95 5 123 115 142 34 58 139 136 3 22 85 149 9 111 143 145 81 39 151 7 78 150 94 106 
33
49 15 66 110 50 146 71 40 72 96 62 58 80 23 97 16 79 5 14 64 148 8 124 104 134 34 86 51 116 98 118 113 109 
25
75 0 91 128 105 154 37 18 15 59 117 43 61 142 147 53 20 64 17 90 103 149 4 119 159 
27
49 61 127 103 56 7 47 86 22 142 126 60 141 99 146 118 43 57 95 131 88 148 70 2 29 28 65 
28
48 72 18 24 81 145 21 152 30 140 80 93 85 156 66 82 54 118 19 10 143 77 154 114 146 4 67 35 
42
90 115 79 132 27 112 152 126 37 129 123 91 25 158 22 154 54 20 53 31 89 10 99 103 9 6 51 44 73 125 58 101 146 16 39 18 119 118 40 77 81 43 
31
106 133 32 155 99 16 93 25 41 151 66 150 7 130 73 144 47 131 21 14 88 28 79 64 135 75 103 39 11 116 115 
25
74 90 156 91 0 130 40 32 114 86 20 13 10 142 71 61 116 8 139 120 12 138 75 79 88 
38
86 122 103 158 75 114 26 72 148 22 70 37 67 41 12 135 151 7 47 45 51 80 93 50 79 77 109 31 120 25 16 150 97 73 17 119 48 92 
27
9 112 152 104 81 76 78 37 141 140 14 32 89 33 23 85 55 95 115 127 126 87 19 135 72 158 99 
35
100 48 142 14 27 126 32 30 96 63 0 68 153 53 73 45 114 38 10 22 36 150 106 107 135 86 43 74 26 13 89 105 116 157 139 
30
122 83 10 112 25 90 130 65 159 107 73 94 128 66 64 24 100 59 48 121 119 126 124 58 106 78 108 131 156 85 
35
65 49 26 23 103 8 138 28 24 77 74 154 76 125 119 59 42 144 151 83 78 143 117 95 126 102 124 137 145 44 90 86 84 155 50 
26
35 108 29 38 94 65 68 117 60 54 157 34 42 82 13 105 31 9 11 141 95 109 25 116 148 118 