453
996 673  337 50  738 23  77 623  1061 586  368 273  806 414  421 151  1290 796  41 65  1359 793  1044 20  863 361  151 234  1128 129  20 643  364 357  1451 341  306 821  754 635  438 252  1345 455  301 719  627 697  838 820  556 757  1311 203  677 171  1378 448  1074 675  235 289  262 637  562 253  76 242  923 412  680 297  289 382  162 117  225 660  799 399  925 100  1546 105  886 463  281 547  506 636  398 325  207 549  328 507  1495 294  1058 409  161 577  1455 370  1347 679  1255 453  883 481  1245 33  159 131  159 349  1047 755  1527 821  898 146  1417 795  1478 407  1149 81  1032 452  508 586  1073 368  1397 609  821 814  1305 382  507 144  985 213  293 248  1431 660  518 770  788 704  207 764  1220 395  287 620  597 393  1245 241  1153 805  298 811  1178 71  640 599  478 20  681 644  808 738  1165 75  914 455  164 244  333 757  293 218  1359 550  1186 160  559 297  1253 56  519 347  1050 84  665 61  780 355  264 307  1433 649  588 136  628 553  1370 498  84 318  1527 165  1499 349  524 251  844 658  620 573  1164 274  922 158  454 248  735 789  615 674  174 400  1302 648  47 286  977 310  757 135  163 234  1477 392  372 87  1378 450  1315 524  1306 128  275 565  1476 593  237 396  874 665  668 768  941 135  850 817  1428 689  454 338  502 421  999 721  780 114  25 790  940 534  728 606  68 515  250 208  1196 181  960 550  229 660  136 254  446 258  433 703  304 247  443 769  378 141  619 291  934 90  961 429  1243 690  1204 339  1416 106  1026 240  955 264  1221 77  566 765  931 340  751 429  1417 738  1270 58  801 279  1415 149  768 647  603 127  1481 145  487 413  309 567  1412 632  161 126  1236 114  306 366  434 704  1383 343  196 670  120 707  325 730  166 571  1546 611  1330 141  1446 296  1528 464  1399 460  1264 91  110 148  222 310  255 354  1225 417  419 36  1044 88  1196 582  510 48  1334 714  1236 505  812 69  1257 402  558 737  795 147  87 145  572 527  589 784  1246 103  130 100  348 724  1128 89  1283 76  45 387  1261 776  707 515  1127 176  839 388  1410 197  124 37  274 110  1295 509  528 819  723 495  1236 640  1188 793  390 84  36 413  136 236  67 557  29 83  28 617  481 318  89 550  130 33  629 309  1127 248  361 393  673 74  640 408  106 739  1236 498  813 699  943 309  1322 497  658 824  1173 153  694 422  713 296  223 386  1441 474  556 296  878 514  771 22  347 591  1375 217  941 262  1350 576  863 520  870 550  674 753  484 212  897 356  462 639  102 349  594 449  662 668  1080 41  706 584  1480 725  98 555  850 263  931 442  1324 390  1451 380  287 450  512 223  1068 512  331 173  1100 192  993 802  777 476  1034 308  412 81  872 530  1446 809  409 717  949 579  1049 341  95 322  1298 797  1484 805  1431 255  38 230  620 713  1113 640  532 656  424 480  104 185  782 29  1116 77  1497 557  809 739  1198 128  812 21  1148 137  1120 591  1199 555  601 33  67 90  1463 744  1094 241  157 449  1025 424  984 508  492 608  1448 495  447 127  897 601  481 308  1074 652  1456 778  534 580  469 129  1165 598  1362 629  32 240  278 403  167 445  406 99  1032 231  130 208  252 208  791 89  217 595  678 547  1081 784  711 699  1477 175  1083 134  578 154  651 810  987 63  1127 158  790 650  1381 825  824 649  1514 563  427 331  989 542  48 706  1485 583  495 111  221 510  1286 662  894 242  778 111  1275 75  855 233  525 574  579 225  889 60  1245 266  897 477  606 686  396 432  985 201  223 524  278 201  653 515  1474 587  219 718  352 797  694 608  344 829  1255 457  1309 333  946 801  982 412  915 280  533 71  1506 321  898 658  1213 293  896 554  165 91  47 252  979 89  874 612  1349 64  200 669  892 353  1013 717  74 113  511 526  1502 827  699 788  326 489  936 281  1028 85  897 550  573 497  1041 747  87 316  1374 252  458 720  505 231  990 273  1178 524  426 557  344 117  357 251  831 397  108 50  1189 583  172 223  475 779  123 601  1485 748  70 825  847 646  115 183  369 743  1334 54  543 146  1518 749  1195 129  1458 659  294 706  960 328  1331 295  1344 400  820 526  422 100  174 815  162 22  1139 288  918 132  1053 212  699 729  1531 830  458 701  1462 444  992 436  409 738  559 325  113 20  447 747  784 322  1505 511  701 596  33 272  1038 68  

7
185 206 217 226 227 228 229 
3
2 185 407 
6
1 6 185 237 242 407 
6
5 144 146 240 242 403 
2
147 185 
23
3 6 60 107 156 157 158 166 168 169 219 221 226 227 240 242 244 349 359 373 407 425 427 
10
2 5 67 98 144 146 226 227 237 242 
4
14 22 351 352 
4
11 15 175 181 
7
298 299 385 386 407 448 450 
5
298 299 382 383 407 
4
8 175 181 248 
7
88 111 152 185 192 204 230 
7
144 146 201 204 370 375 407 
4
7 351 352 355 
4
8 16 175 181 
4
15 17 175 181 
6
16 18 175 181 351 353 
4
17 19 351 353 
4
18 20 351 353 
4
19 21 351 353 
4
20 22 351 353 
5
7 21 351 352 353 
5
101 185 226 227 286 
5
102 185 226 227 288 
5
104 185 226 227 291 
7
38 185 226 227 228 229 391 
7
30 43 185 226 227 228 229 
5
29 75 185 226 227 
5
28 89 152 226 227 
5
27 88 185 204 211 
5
75 154 185 297 391 
6
36 144 146 152 389 407 
4
165 185 370 371 
2
398 436 
6
36 44 144 146 228 229 
4
32 35 144 146 
4
43 87 152 426 
7
26 152 226 227 228 229 426 
5
116 117 172 173 185 
5
76 78 185 226 227 
6
42 48 154 185 226 227 
4
41 154 185 395 
6
27 37 226 227 228 229 
7
35 154 185 228 229 296 297 
5
103 185 226 227 287 
5
106 185 226 227 290 
5
105 185 226 227 289 
6
41 152 154 226 227 421 
5
185 226 227 260 405 
4
71 185 358 446 
5
68 70 185 311 445 
6
53 144 146 149 153 425 
3
52 144 146 
3
149 153 425 
5
122 152 216 273 432 
4
60 152 185 249 
7
58 59 144 146 152 197 407 
6
57 69 144 146 152 407 
7
57 123 144 146 197 364 407 
6
5 56 152 185 219 221 
10
62 123 124 127 131 144 146 204 247 407 
6
61 144 146 204 363 407 
5
64 185 226 227 412 
3
63 226 227 
4
66 163 185 407 
3
65 185 407 
10
6 90 107 108 144 146 226 227 228 229 
5
51 70 185 311 445 
8
58 124 144 146 185 204 207 407 
5
51 68 185 311 372 
3
50 185 358 
6
145 146 280 347 348 425 
7
339 341 382 407 443 444 448 
5
99 154 185 297 391 
3
28 31 185 
6
40 154 226 227 297 421 
6
78 154 172 173 269 342 
5
40 77 172 173 185 
8
80 155 185 228 229 232 271 272 
8
79 82 185 228 229 232 271 272 
8
83 84 185 228 229 232 271 272 
8
80 83 185 228 229 232 271 272 
8
81 82 185 228 229 232 271 272 
7
81 100 152 185 228 229 232 
6
88 120 164 226 227 267 
5
89 99 152 226 227 
9
37 152 185 200 201 210 220 230 426 
35
12 30 85 89 108 113 115 152 164 170 185 192 197 204 206 207 211 213 216 222 223 226 227 228 229 230 267 268 276 281 388 391 394 408 435 
6
29 86 88 152 204 213 
3
67 185 416 
4
145 146 185 407 
7
144 146 300 302 411 439 442 
6
94 149 151 185 284 407 
3
93 185 407 
7
152 154 171 219 228 229 413 
4
97 143 185 407 
5
96 185 228 229 431 
6
6 192 219 226 227 426 
5
74 86 185 226 227 
5
84 118 152 277 425 
6
23 154 226 227 297 401 
6
24 154 226 227 297 308 
6
45 154 226 227 297 336 
6
25 154 226 227 279 297 
6
47 154 226 227 297 400 
6
46 154 226 227 297 393 
9
5 67 144 146 226 227 359 407 427 
8
67 88 204 226 227 228 229 268 
6
144 146 265 407 416 431 
5
128 152 185 189 230 
5
12 129 152 185 230 
3
185 261 451 
4
88 152 204 435 
4
119 185 295 364 
7
88 116 170 185 204 226 227 
5
39 115 185 226 227 
4
39 172 173 185 
5
100 277 315 425 426 
3
114 232 384 
4
85 156 226 227 
7
144 146 197 198 228 229 407 
4
55 224 273 432 
8
59 61 127 130 131 134 364 425 
10
61 69 127 144 146 185 204 207 247 407 
4
132 145 146 407 
10
127 142 185 219 230 274 331 334 343 375 
23
61 123 124 126 131 133 142 144 146 185 204 209 215 219 228 229 230 247 274 343 375 407 440 
5
110 185 228 229 444 
5
111 185 228 229 448 
3
123 134 425 
5
61 123 127 185 187 
4
125 145 146 407 
3
127 209 215 
17
123 130 135 145 146 166 182 185 204 207 249 298 303 382 405 406 425 
10
134 144 146 185 204 207 247 375 407 425 
5
140 183 185 204 447 
1
231 
4
140 141 228 229 
6
152 159 167 185 228 229 
6
136 138 185 228 229 447 
3
138 228 229 
11
126 127 144 146 204 228 229 331 334 348 407 
5
96 156 185 407 416 
104
3 6 13 32 35 36 52 53 57 58 59 61 62 67 69 92 107 109 121 124 127 135 142 145 146 148 151 152 153 154 157 158 161 163 166 174 175 182 183 184 185 197 201 204 205 207 210 230 234 235 236 237 243 244 247 257 258 284 299 302 305 310 317 319 320 321 322 323 324 325 326 327 328 331 332 333 334 335 341 348 363 367 369 370 372 375 389 398 403 404 407 408 415 416 421 423 424 426 429 430 431 440 443 450 
38
72 91 125 132 134 144 146 154 157 158 163 166 175 182 183 185 187 195 196 197 199 204 207 230 245 294 297 298 299 301 347 364 404 407 412 413 418 425 
123
3 6 13 32 35 36 52 53 57 58 59 61 62 67 69 72 91 92 107 109 121 124 125 127 132 134 135 142 144 145 148 151 152 153 154 157 158 161 163 166 172 174 175 182 183 184 185 195 196 197 199 201 204 205 207 210 215 230 234 235 236 237 243 244 245 247 257 258 272 284 294 297 299 302 305 310 317 319 320 321 322 323 324 325 326 327 328 331 332 333 334 335 341 347 348 363 367 369 370 372 375 389 398 403 407 408 412 413 415 416 418 421 423 424 425 426 429 430 431 437 440 443 450 
2
4 185 
10
144 146 151 153 185 322 351 354 411 428 
7
52 54 93 151 153 284 425 
3
153 284 425 
7
93 144 146 148 149 284 317 
64
12 29 32 37 38 48 55 56 57 58 60 84 86 87 88 89 95 100 110 111 113 139 144 146 154 167 172 173 185 189 204 207 216 219 226 227 228 229 230 232 243 264 269 270 275 276 281 285 305 310 369 384 388 389 390 391 394 406 407 413 414 420 421 426 
16
52 54 144 146 148 149 150 204 207 230 244 284 351 354 407 425 
57
31 41 42 44 48 74 76 77 95 101 102 103 104 105 106 144 145 146 152 175 183 185 214 219 226 227 263 266 269 270 275 276 279 294 296 297 308 316 336 342 367 369 381 387 391 393 400 401 407 408 412 413 421 425 433 434 436 
3
79 271 272 
11
5 120 143 158 168 169 185 226 227 407 416 
7
5 144 145 146 158 349 373 
12
5 144 145 146 156 157 160 163 168 169 185 230 
5
139 163 185 228 229 
5
158 185 230 258 294 
6
144 146 163 185 392 403 
4
237 242 244 425 
10
65 144 145 146 158 159 161 228 229 404 
3
85 88 267 
6
33 185 360 361 370 426 
9
5 134 144 145 146 167 168 169 430 
6
139 152 166 169 228 229 
5
5 156 158 166 169 
6
5 156 158 166 167 168 
5
88 115 204 381 426 
6
95 172 173 228 229 433 
33
39 77 78 117 146 152 171 173 174 185 279 284 285 286 287 288 289 290 291 308 336 364 369 373 387 393 395 400 401 413 425 433 434 
30
39 77 78 117 152 171 172 185 279 284 285 286 287 288 289 290 291 308 336 364 369 373 387 393 395 400 401 413 433 434 
5
144 146 172 425 429 
24
8 11 15 16 17 144 145 146 154 181 182 183 185 187 197 248 294 297 301 407 419 425 434 436 
4
179 228 229 329 
4
178 180 228 229 
3
177 181 185 
3
176 228 229 
3
177 228 229 
9
8 11 15 16 17 175 178 185 248 
16
134 144 145 146 175 185 187 204 207 228 229 230 245 309 382 425 
18
136 144 145 146 154 175 185 187 197 204 294 297 301 309 346 407 434 436 
9
144 146 185 186 232 233 305 407 452 
237
0 1 2 4 12 23 24 25 26 27 28 30 31 33 39 40 41 42 44 45 46 47 49 50 51 56 60 63 65 66 68 69 70 71 74 75 78 79 80 81 82 83 84 87 88 90 91 93 94 96 97 99 110 111 112 114 115 116 117 124 126 127 128 129 131 134 135 136 139 140 143 144 145 146 147 148 152 154 156 158 159 160 161 165 172 173 175 178 181 182 183 184 186 187 189 190 193 194 196 197 200 201 202 203 204 206 207 209 210 212 214 215 216 218 219 220 225 226 227 228 229 230 232 237 238 242 245 246 250 251 252 253 254 255 258 259 260 261 268 271 272 278 282 283 284 285 286 287 288 289 290 291 292 293 294 295 296 297 298 299 301 304 305 306 307 309 310 311 312 313 314 316 317 318 322 323 329 330 333 334 335 337 338 340 341 344 345 346 358 362 364 368 370 372 374 375 380 381 382 383 385 386 388 391 392 395 399 403 407 408 409 410 411 412 415 416 417 418 419 425 426 428 430 434 435 437 438 439 441 442 445 446 447 448 449 450 451 
13
184 185 225 232 233 362 370 375 380 381 410 422 424 
15
131 145 175 182 183 185 197 226 227 228 229 230 245 301 407 
3
360 361 426 
4
110 152 185 230 
5
185 226 227 285 296 
2
292 375 
12
12 88 98 204 211 219 223 375 381 390 391 426 
3
185 218 259 
5
185 195 216 364 449 
7
145 146 194 197 199 364 425 
8
145 146 185 197 204 207 230 425 
24
57 59 88 121 144 145 146 175 183 185 187 195 196 199 204 207 230 260 301 310 364 407 408 425 
7
121 210 226 227 228 229 407 
8
145 146 195 197 216 310 407 425 
6
87 185 201 209 219 230 
15
13 87 144 146 185 200 204 219 230 266 294 407 426 438 441 
4
185 230 426 441 
6
185 204 212 221 232 425 
64
12 13 30 61 62 69 88 89 108 113 115 124 127 134 135 136 142 144 145 146 152 153 170 182 183 185 192 196 197 201 203 205 206 207 211 212 213 216 222 223 226 227 228 229 230 244 245 262 268 281 303 310 315 346 348 363 391 396 407 408 425 426 435 440 
7
144 146 204 206 228 229 407 
11
0 88 185 204 205 216 226 227 228 229 407 
26
69 88 124 134 135 144 145 146 152 153 182 185 196 197 204 226 227 230 244 245 303 310 315 407 425 426 
2
230 451 
8
127 133 185 200 215 219 271 299 
11
87 144 146 185 198 226 227 228 229 230 415 
6
30 88 192 204 390 426 
3
185 203 204 
3
88 89 204 
8
154 185 226 227 297 364 381 408 
8
127 133 146 185 209 272 407 425 
11
55 88 152 185 194 199 204 206 310 407 449 
6
0 226 227 228 229 231 
3
185 193 259 
23
5 60 95 98 126 127 152 154 185 192 200 201 209 221 230 266 268 297 375 407 413 426 438 
7
87 185 230 292 375 407 415 
6
5 60 203 219 232 425 
3
88 204 281 
5
88 192 204 391 426 
3
122 273 432 
5
185 186 232 362 375 
75
0 5 6 23 24 25 26 27 28 29 38 40 41 43 45 46 47 48 49 63 64 67 76 85 86 88 98 99 101 102 103 104 105 106 107 108 115 116 120 152 154 156 185 187 190 198 204 206 207 210 214 217 227 230 238 242 245 281 284 292 294 296 356 373 380 381 388 405 407 408 412 420 421 434 435 
75
0 5 6 23 24 25 26 27 28 29 38 40 41 43 45 46 47 48 49 63 64 67 76 85 86 88 98 99 101 102 103 104 105 106 107 108 115 116 120 152 154 156 185 187 190 198 204 206 207 210 214 217 226 230 238 242 245 281 284 292 294 296 356 373 380 381 388 405 407 408 412 420 421 434 435 
59
0 26 27 35 38 43 44 67 79 80 81 82 83 84 88 95 97 108 121 127 128 129 138 139 140 141 142 152 159 163 167 171 176 177 179 180 182 185 187 198 204 205 206 210 217 229 230 232 284 292 294 373 388 407 431 434 435 444 448 
59
0 26 27 35 38 43 44 67 79 80 81 82 83 84 88 95 97 108 121 127 128 129 138 139 140 141 142 152 159 163 167 171 176 177 179 180 182 185 187 198 204 205 206 210 217 228 230 232 284 292 294 373 388 407 431 434 435 444 448 
61
12 87 88 110 111 126 127 144 145 146 152 153 158 160 182 185 187 189 196 197 200 201 202 204 207 208 210 219 220 226 227 228 229 244 262 274 293 294 299 303 310 315 317 318 323 334 337 338 340 341 343 364 386 396 407 426 438 441 448 450 451 
2
137 217 
28
79 80 81 82 83 84 119 152 184 185 186 203 221 225 228 229 233 281 304 362 375 380 381 384 399 422 424 425 
3
184 186 232 
4
144 146 235 236 
4
144 146 234 443 
3
144 146 234 
21
2 6 144 146 162 185 239 242 243 244 248 256 333 368 377 378 409 411 425 428 442 
5
185 226 227 241 242 
5
237 243 248 256 354 
3
3 5 242 
1
238 
15
2 3 5 6 162 185 226 227 237 238 240 244 377 378 425 
9
144 146 152 237 239 256 354 406 450 
12
5 144 146 153 162 204 207 230 237 242 407 425 
12
145 146 182 185 187 204 207 226 227 246 306 425 
3
185 245 306 
8
61 124 127 135 144 146 375 407 
6
11 175 181 237 239 256 
4
56 134 303 425 
3
185 253 254 
3
185 252 254 
3
185 251 254 
3
185 250 254 
5
185 250 251 252 253 
3
185 312 313 
5
237 239 243 248 354 
3
144 146 258 
6
144 146 160 185 257 294 
3
185 193 218 
5
49 185 197 310 407 
2
112 185 
3
204 230 396 
3
154 413 433 
2
152 414 
4
109 315 407 416 
6
154 201 219 294 297 438 
3
85 88 164 
6
88 108 185 204 219 407 
6
77 152 154 342 390 394 
6
152 154 297 342 394 426 
10
79 80 81 82 83 155 185 209 272 299 
12
79 80 81 82 83 146 155 185 215 271 407 425 
4
55 122 224 432 
4
126 127 230 343 
6
152 154 342 387 391 394 
6
88 152 154 342 394 436 
3
100 118 425 
3
185 316 388 
6
104 154 172 173 288 297 
3
72 348 425 
9
88 152 204 222 226 227 232 384 420 
3
185 283 407 
3
185 282 407 
19
93 144 146 149 150 151 153 172 173 185 226 227 228 229 307 372 373 374 425 
7
152 172 173 185 190 308 369 
5
23 172 173 185 336 
5
45 172 173 185 393 
5
24 172 173 185 279 
5
47 172 173 185 413 
5
46 172 173 185 400 
5
25 172 173 185 401 
10
185 191 220 226 227 228 229 294 356 375 
3
185 230 294 
21
145 146 154 160 175 183 185 201 226 227 228 229 230 258 266 292 293 297 407 425 438 
3
114 185 364 
7
44 154 185 190 226 227 297 
36
31 44 74 76 101 102 103 104 105 106 145 146 154 175 183 185 214 219 266 270 279 294 296 308 316 336 342 381 391 393 400 401 407 408 421 425 
9
9 10 134 145 185 299 407 425 430 
13
9 10 144 145 146 185 209 230 271 298 386 407 430 
4
92 411 439 442 
8
145 175 183 185 187 197 364 407 
5
92 144 146 425 437 
8
134 204 207 230 249 315 425 426 
3
185 232 399 
10
144 146 152 184 185 398 407 408 421 426 
3
185 245 246 
3
185 284 374 
6
102 154 172 173 285 297 
4
182 183 185 407 
12
144 146 152 185 197 199 204 207 216 230 260 407 
6
51 68 70 185 372 445 
3
185 255 313 
5
185 255 312 314 437 
3
185 313 437 
9
118 204 207 230 265 303 407 420 426 
5
154 185 278 297 408 
6
144 146 151 185 230 450 
3
185 230 448 
4
144 146 320 321 
3
144 146 319 
3
144 146 319 
8
144 146 148 185 323 324 411 428 
6
144 146 185 230 322 334 
3
144 146 322 
4
144 146 326 327 
3
144 146 325 
3
144 146 325 
4
144 146 331 332 
3
176 185 330 
2
185 329 
7
126 142 144 146 328 334 443 
3
144 146 328 
11
144 146 185 237 334 335 368 409 411 428 442 
12
126 142 144 146 185 230 323 331 333 335 341 425 
6
144 146 185 333 334 425 
6
103 154 172 173 286 297 
3
185 230 340 
3
185 230 341 
3
73 382 407 
3
185 230 337 
9
73 144 146 185 230 334 338 407 448 
9
77 154 269 270 275 276 297 387 436 
4
126 127 230 274 
5
185 345 347 379 407 
5
185 344 346 407 425 
5
183 185 204 345 425 
5
72 145 146 344 379 
8
72 142 144 146 204 280 407 425 
2
5 157 
3
365 389 425 
14
7 14 17 18 19 20 21 22 148 153 352 353 354 355 
5
7 14 22 351 355 
7
17 18 19 20 21 22 351 
6
148 153 239 243 256 351 
3
14 351 352 
3
226 227 292 
1
425 
4
50 71 185 446 
4
5 107 407 427 
4
165 188 361 426 
4
165 188 360 426 
5
185 186 225 232 375 
5
62 144 146 204 407 
15
59 114 123 145 172 173 185 194 195 197 214 230 295 301 434 
3
350 389 425 
2
389 402 
5
144 146 154 369 407 
4
185 237 333 409 
9
144 146 152 154 172 173 285 367 407 
10
13 33 144 146 165 185 186 375 407 410 
2
33 397 
7
70 144 146 185 284 311 374 
9
5 157 172 173 226 227 228 229 284 
4
185 284 307 372 
21
13 126 127 135 144 146 185 186 191 192 219 220 225 232 247 292 362 370 381 407 426 
1
378 
3
237 242 378 
4
237 242 376 377 
2
344 347 
8
185 186 226 227 232 381 407 417 
15
154 170 185 186 192 214 226 227 232 297 375 380 388 426 434 
10
10 73 134 182 185 339 383 407 425 430 
5
10 185 382 407 430 
4
119 152 232 281 
5
9 185 386 407 430 
7
9 185 230 299 385 407 430 
6
154 172 173 275 342 395 
10
88 152 185 226 227 228 229 278 381 434 
10
32 144 146 152 350 365 366 402 407 425 
6
152 192 211 269 394 426 
14
26 31 74 88 152 154 185 192 204 223 275 297 394 426 
3
161 185 403 
6
106 154 172 173 287 297 
9
88 152 269 270 275 276 390 391 426 
5
42 172 173 185 387 
3
204 230 262 
1
371 
6
34 144 146 305 407 421 
3
185 232 304 
6
105 154 172 173 290 297 
6
101 154 172 173 291 297 
2
366 389 
6
3 144 146 161 185 392 
3
144 145 163 
6
49 134 226 227 406 425 
5
134 152 243 405 425 
109
1 2 5 9 10 13 32 57 58 59 61 62 65 66 69 73 91 93 94 96 107 109 121 124 125 127 132 135 142 143 144 145 146 152 153 154 156 175 183 184 185 187 197 198 199 201 204 205 206 207 215 216 219 220 226 227 228 229 230 244 247 260 265 268 272 282 283 294 297 298 299 301 305 309 310 315 339 341 344 345 348 359 363 367 369 370 375 380 382 383 385 386 389 398 408 415 416 417 421 425 426 427 434 436 440 443 444 448 450 
15
88 144 146 154 185 197 204 214 226 227 297 305 316 407 426 
4
185 237 333 368 
3
185 186 370 
11
92 148 185 237 300 322 333 428 438 439 442 
9
63 145 146 154 185 226 227 413 425 
13
95 145 146 152 154 172 173 219 263 289 412 425 433 
2
152 264 
6
144 146 185 210 220 407 
10
90 109 143 144 146 156 185 265 407 426 
3
185 380 407 
3
145 146 185 
3
175 185 425 
5
152 226 227 281 315 
12
48 76 144 146 152 154 226 227 297 305 398 407 
3
186 232 424 
3
144 146 424 
6
144 146 186 232 422 423 
63
5 52 54 72 100 118 123 130 134 135 145 146 149 150 153 154 162 172 174 175 182 185 195 196 197 199 203 204 207 215 221 232 237 242 244 245 249 272 277 280 284 294 297 298 302 303 334 335 345 346 348 350 357 365 382 389 405 406 407 412 413 419 437 
37
37 38 87 98 118 144 146 152 165 170 185 188 192 201 202 204 207 211 219 223 230 270 303 305 315 360 361 375 381 390 391 394 407 408 416 438 441 
4
5 107 359 407 
6
148 185 237 322 333 411 
3
144 146 174 
10
144 146 166 185 298 299 382 383 385 386 
6
97 109 144 146 228 229 
4
55 122 224 273 
6
154 171 172 173 263 413 
16
154 172 173 175 183 185 226 227 228 229 364 381 388 407 435 436 
9
88 113 185 204 226 227 228 229 434 
8
34 154 175 183 276 342 407 434 
6
146 185 302 313 314 425 
11
185 201 219 230 266 294 411 426 439 441 442 
6
92 185 300 411 438 442 
5
127 144 146 204 407 
6
185 201 202 230 426 438 
8
92 185 237 300 333 411 438 439 
7
73 144 146 235 331 407 444 
6
73 128 228 229 407 443 
4
51 68 185 311 
3
50 185 358 
3
136 140 185 
11
9 73 129 185 228 229 230 318 341 407 450 
3
185 194 216 
9
9 144 146 185 230 243 317 407 448 
4
112 185 208 230 
1
184 
