170 1862 1.109782603076325 224.826745958
217 2908 1.2071850414593124 674.008537759
72 318 0.7050007201118045 5.462455272
84 341 0.5509151497124507 6.502512844
152 239 0.2883218429242189 3.67571097
106 612 0.6652718014881049 21.205241352
66 204 0.4368001452640481 2.434477965
148 285 0.3363385100535122 4.359217577
210 2540 1.1325035704528053 355.365617092
22 25 0.023184681451030913 0.055442525
100 383 0.6026326981987951 8.767454806
218 1031 0.9159546990894274 71.14964913
210 2193 1.1009990592250167 405.649726101
57 101 0.30327856471051495 0.471946783
179 1007 0.7980700889913277 70.19692301
227 1404 1.0506203064866426 94.765619498
40 45 0.15428802383552961 0.183194293
85 207 0.3041144819996739 2.662800463
141 528 0.6395896839664765 14.042748249
69 228 0.48076302249212977 3.325052386
161 667 0.6897614260363589 23.486276415
185 2023 1.0811890637613701 236.679594986
232 1876 1.0815014019453382 234.757117483
230 1417 0.9748524123771658 131.900834595
140 569 0.6232527665251981 16.263240781
110 741 0.756495919839641 31.468114434
28 50 0.10508314203468862 0.222194775
109 854 0.7833617465016844 49.890152221
54 149 0.4621899949060184 1.031418599
174 939 0.8378747470389185 54.834157618
180 1404 0.8885995325570629 133.571937475
131 470 0.551637142255296 10.538211116
43 124 0.3198056380429214 1.083686316
117 571 0.6785649766770088 20.113904851
218 850 0.7935949747586579 39.83675522
165 819 0.7343204466193886 40.744590953
66 309 0.7442907085628446 4.738104026
192 937 0.789679532113516 49.695017452
188 2381 1.1021110228894089 334.812529218
227 292 0.2522342031793906 6.302050159
57 192 0.4317388805773813 1.846109772
223 3683 1.272282878641175 858.573030308
229 2279 1.138236568129966 306.252436668
40 45 0.01954333860664129 0.165410982
29 50 0.1428722248403868 0.20932709
30 55 0.14888304051115958 0.221140871
106 259 0.33154353044191176 3.966511813
66 69 0.1437194271207502 0.339042277
115 492 0.5776860840242979 11.405436845
131 277 0.37165382927297513 5.151057638
31 54 0.25439787095473076 0.235343101
146 1445 0.954864634839182 136.07317983
107 668 0.6978569972369202 23.195530072
119 796 1.097092907769159 34.986647122
28 33 0.07961454772031568 0.081747669
42 42 0.039194033184824555 0.121643157
56 143 0.2703863551833033 1.175001938
34 53 0.07915625922573528 0.21072392
175 1756 0.9429602471743472 211.225588646
211 969 0.8046074287927845 52.122354843
51 70 0.19355169612446443 0.415239076
98 125 0.10754239580633007 1.251218555
45 55 0.1333282142591004 0.336621623
139 437 0.5006870491276717 10.999200194
138 1144 0.9226931387701247 73.516339589
33 67 0.14139175261154316 0.327308478
104 276 0.6579819453907366 3.444118112
107 145 0.26094094265842666 1.462497386
201 1161 0.9065390270171737 69.571904916
217 3115 1.244178930604486 682.147936622
123 133 0.10706562163657317 1.030370002
128 698 0.976449061157697 30.137791111
169 645 0.603292670511277 24.092174883
63 233 0.5952915971555408 3.107171257
141 1445 0.8940628279252127 123.32284407
91 200 0.3828738877487393 2.33673381
190 1278 0.935435728433887 102.140902925
204 2984 1.2458560498487268 532.118604246
96 275 0.4304439121151165 3.819350932
179 1096 0.8924199509832902 73.682580813
48 109 0.44244606649744583 1.065047636
163 1837 0.9690662517606135 222.678407309
221 1433 1.0167971658902237 128.229296776
29 28 0.04419935213448977 0.203647402
153 836 0.8110316510281437 39.688950601
23 25 0.03882975671845692 0.067191542
214 2087 1.105325532893572 267.566351215
138 433 0.5215637298774489 11.256762348
49 167 0.6240700516674116 1.433312583
240 948 0.8704294233327181 46.234374131
113 606 0.6853089188537949 18.286447206
168 562 0.567189456224384 18.83584252
229 2818 1.178325937580845 464.212396082
91 509 0.6359275347923046 16.108802013
220 3142 1.2351909666845966 598.770840537
53 60 0.10240639110837567 0.483624313
104 793 0.9154257601781614 32.780694791
60 60 0.026923563718902345 0.288823623
83 363 0.5983705149986471 7.05970875
234 1927 1.0788719563552915 228.343256834
84 311 0.5062198734158675 5.263357921
220 835 0.8311980724133918 38.020212105
63 274 0.46108674375969 4.030677893
124 593 0.9522046171423594 16.985488111
56 139 0.3122708664520028 1.031667388
219 1770 1.0767067181973875 220.707772953
240 2010 1.1995827947806346 216.530590658
250 382 0.41968615652122004 9.726826399
110 720 0.9343573938292321 28.194379554
25 34 0.16422406194297665 0.081437656
186 2088 1.104178729858325 270.749225586
96 136 0.13160059683395234 1.053293664
185 903 0.8249692911340946 50.367293501
168 182 0.13221368749260884 1.997317109
153 372 0.46831638532811504 7.517209468
91 215 0.3341981120251401 2.568780008
204 779 0.7495074731789235 36.584768355
231 3794 1.3864523084817315 994.827774028
117 512 0.5636645777516895 13.942418877
91 224 0.3433581968060854 3.102940776
195 1205 0.9116335644416234 83.987515231
35 70 0.3599531025568038 0.256856838
219 396 0.46508213429432144 10.886533273
214 2060 1.084546734348331 261.057983857
71 194 0.3355845916654265 2.280501741
222 2827 1.6283303498982136 479.823835512
73 105 0.12620863371557584 0.925146239
127 332 0.6913819789156803 5.107960801
127 1093 0.9381637912877068 62.147023215
233 1918 1.1361830132402906 338.130007506
236 1924 1.1456166899809315 221.025265396
217 3224 1.3038271076275434 585.275870294
149 1095 0.9339850595254066 67.733394369
105 106 0.04993999354789852 0.821344079
173 462 0.5030442770510255 10.19394426
134 973 0.7721512716334359 51.558266444
26 44 0.08373292638420551 0.139826371
36 52 0.07567602319866196 0.193497996
137 696 0.686516146902917 31.530717706
29 41 0.11234497018685655 0.102702249
237 2502 1.2335750431162273 417.671746973
201 2074 1.0386378663672693 307.665079912
95 114 0.19913104663304398 1.259826739
92 600 0.7204544008114204 17.821990648
231 2636 1.221326988295682 382.733283245
153 1319 0.9238111139487382 105.816485784
138 530 0.7621475444923513 15.992436873
213 2647 1.1942029916252768 497.044754489
105 230 0.38585661967776164 3.418609235
175 845 0.7863791078421005 49.890616181
75 142 0.3293295762555388 1.132638021
119 964 0.8019923024969045 46.937383988
151 780 0.8236174018871253 30.79368811
217 736 0.6953995032268607 37.377722483
85 484 0.8625594968098903 13.220879695
130 208 0.2628199927416819 3.067982856
86 230 0.4860317580122352 2.509722429
239 1074 0.9362878037193922 63.129858516
42 124 0.5739596541263843 1.286635125
74 221 0.5389430565622852 2.374524319
128 813 0.7330926586733316 39.893485575
77 276 0.45199594711664626 4.05095653
116 210 0.40231097239162905 2.631008857
130 1140 0.8098085880773982 75.193821105
106 618 0.859939992540774 20.115002638
236 444 0.4834229815418769 12.216718577
206 1211 0.9750821022397889 66.767773314
52 148 0.42156924602106494 1.283426344
41 62 0.07886834735974937 0.212656904
115 862 0.7381603768985993 42.667303445
107 673 0.7127643761744438 22.4870833
97 339 0.498851409793573 6.133820743
123 462 0.5113387607295415 11.004136699
30 59 0.2046773139426699 0.239490417
250 1421 1.02064658367384 125.61001641
226 1100 0.8655118241451989 76.416546726
128 190 0.2069679723127301 2.419997572
194 2337 1.0750841278179644 302.649170838
154 396 0.6252090976875331 8.785248381
83 328 0.49389251163456704 5.301787214
83 413 0.6055302066506905 8.379841263
250 1378 1.0453928618801278 126.980740231
33 40 0.056345764099207184 0.154273498
134 690 0.7077572879168543 26.569549026
206 2522 1.2031107338888243 444.144696344
64 267 0.4772200730271216 4.234627168
226 1058 0.9405306000368017 77.796973334
150 1240 0.8661763404884235 92.733842402
28 49 0.14613437792670228 0.200993529
71 342 0.5823184277803358 6.379293431
172 1405 0.9685510066924536 111.554032777
43 71 0.24857953515509001 0.388783172
175 1667 0.9931316083485794 164.178042972
200 679 0.6512158498071797 26.776221182
129 666 0.9444043373936422 26.431593706
208 2654 1.1878983549767415 497.512265884
189 712 0.7064411300254467 32.487259894
151 286 0.3414603512989498 5.515608085
193 1798 1.0120525252244774 192.045147669
245 4091 1.2357372696373718 972.826893888
43 48 0.02260204591245299 0.184551133
207 565 0.5961561162395999 20.601649583
243 2938 1.313492652539312 658.428778812
36 51 0.20119513219849713 0.21599769
64 125 0.1644057504797323 1.012605094
78 131 0.38128161510123987 1.285556447
81 245 0.4192437332386315 3.823716957
48 64 0.14344898958604038 0.248775606
114 636 0.6285976204567714 24.849929733
250 3378 1.3082486631294459 723.251041253
36 39 0.20473199625817493 0.110663864
241 1587 1.0519882861375836 150.781565024
130 204 0.21644055114633556 2.626806333
86 112 0.19509079022365713 0.733595382
235 3588 1.3245665637673494 813.684289781
38 92 0.29108734995236196 0.485331865
151 926 0.8237728510368247 47.525986814
121 145 0.11151362413227137 1.603651224
212 1331 0.9747973795803526 113.092225844
219 3237 1.158179691437382 763.207162657
29 41 0.03998751288406609 0.190601352
180 851 0.7307777151412841 41.786886215
175 1818 1.4426251685694043 214.952270654
116 158 0.13877006230119857 1.769112105
74 303 0.5095145942715908 5.385018064
249 2056 1.165454439204241 261.34819157
98 511 0.602666000039612 13.827028014
52 173 0.5442405895183575 1.466865179
29 28 0.035119419063084564 0.074389094
176 693 0.8540294897791638 27.012181833
82 460 0.7556872284556254 12.201944096
213 999 0.8575293918948541 59.588582654
169 1188 0.8548048745537413 79.485531816
34 65 0.30170156631296785 0.274991922
52 71 0.06799391628366241 0.401642364
249 1905 1.166444388566227 237.146235088
46 78 0.22492223122588406 0.412994309
173 1351 0.9070265380005731 95.668751944
35 39 0.0493291859305368 0.155026237
158 1602 0.925599402460968 144.690654614
172 1061 0.822029794728024 70.298690972
41 99 0.3186599510563437 0.574833766
228 3521 1.2692774886461575 889.138505629
75 235 0.3864447582685938 3.021400136
130 291 0.39596190556455063 5.263780119
44 52 0.13257369493924295 0.394709881
43 88 0.3494612977863941 0.442021274
121 417 0.5411494177449807 8.494778785
74 382 0.8714953656768362 6.568097342
75 232 0.5821951144663118 2.676126444
