110
872 24  637 84  825 110  913 363  827 569  1356 547  1215 347  703 301  710 535  1053 174  1338 765  1531 441  985 602  657 338  707 556  437 357  1377 506  1058 733  1326 485  123 216  94 232  250 683  84 702  362 484  652 227  311 293  1107 645  181 292  1371 318  909 753  339 786  1441 370  1087 442  753 76  616 548  224 440  1517 38  1268 210  1091 656  303 628  788 423  1007 324  124 596  657 430  657 105  336 705  669 670  1244 336  1277 752  1076 590  1394 536  1209 54  664 360  1505 188  64 68  818 458  1058 693  1253 331  854 506  430 370  282 257  430 703  822 787  908 573  147 274  610 216  46 408  1084 76  62 214  442 68  684 63  503 683  1010 192  418 500  435 448  760 417  1041 180  1111 283  1534 631  648 384  577 766  1023 105  188 820  626 345  976 687  551 634  1324 807  348 678  87 324  589 71  1342 127  931 215  1172 305  1519 231  1365 537  1052 719  1419 753  1071 411  562 239  872 606  148 458  615 647  652 301  559 437  1358 316  759 526  1012 156  523 745  950 144  1188 146  
12
66 21 46 19 99 69 108 23 62 74 82 28 
17
76 57 67 78 27 5 66 4 8 92 65 80 9 58 46 107 74 
8
97 54 58 80 84 61 26 103 
14
83 103 92 67 53 109 29 42 52 63 74 91 76 98 
17
34 53 60 86 63 1 22 40 49 48 99 108 50 84 8 66 56 
11
29 1 61 14 67 11 72 33 12 102 55 
12
68 24 103 72 105 99 64 55 86 38 23 13 
10
87 99 75 23 55 44 68 73 8 47 
13
71 19 1 68 82 25 4 98 84 96 63 7 92 
13
25 48 50 74 46 76 105 66 1 64 42 32 86 
12
74 78 80 109 22 68 64 28 61 16 66 32 
13
74 64 17 32 22 5 105 70 49 54 84 79 80 
10
91 47 95 97 66 5 90 107 88 28 
13
36 102 93 14 88 99 92 35 60 50 70 6 66 
6
56 5 91 13 78 101 
10
57 47 101 41 22 58 71 23 16 82 
13
66 15 83 27 99 103 86 36 10 62 24 61 80 
10
77 11 51 64 41 62 30 65 81 96 
12
31 35 45 74 58 27 24 36 64 101 70 82 
17
33 0 23 8 60 38 94 26 51 25 108 45 48 32 101 59 46 
8
42 31 51 43 47 103 85 49 
11
0 79 45 62 50 87 25 48 68 99 64 
16
79 15 78 73 47 4 54 10 75 11 86 33 71 31 44 46 
18
31 60 70 105 19 15 108 7 30 83 26 40 0 71 62 63 47 6 
8
6 67 54 62 18 63 16 27 
17
51 9 37 96 62 47 28 92 21 42 109 8 19 34 89 35 48 
11
57 19 23 36 86 61 98 83 2 32 29 
14
105 109 85 1 28 16 76 29 18 79 84 42 54 24 
14
42 98 25 27 87 90 61 30 77 10 45 0 36 12 
14
34 5 102 83 27 51 3 85 63 66 26 103 40 79 
11
66 85 97 23 72 17 87 28 103 78 73 
9
57 23 92 18 65 20 89 42 22 
13
65 80 11 105 55 9 99 26 19 108 59 41 10 
13
90 94 19 48 68 65 66 22 60 36 45 5 81 
9
95 29 99 4 97 47 25 77 79 
13
86 84 18 90 59 78 82 37 57 13 91 105 25 
17
108 100 13 39 26 67 33 38 95 16 40 18 70 104 64 109 28 
11
25 67 35 47 51 69 72 50 82 102 89 
11
43 63 74 65 75 19 94 36 78 103 6 
6
52 36 79 103 76 75 
8
99 4 23 64 106 79 36 29 
12
86 74 43 15 66 77 75 64 17 96 61 32 
22
57 95 93 107 91 20 28 92 25 71 75 31 3 80 9 54 27 85 48 101 78 97 
12
41 38 95 20 93 103 98 89 96 60 84 62 
9
65 85 55 72 7 104 68 22 71 
9
21 18 103 84 62 33 28 19 50 
10
0 85 9 63 53 1 57 80 22 19 
14
15 12 25 22 58 34 59 37 20 23 48 50 90 7 
14
9 104 33 56 21 69 67 4 19 95 47 82 42 25 
7
107 4 67 66 11 20 109 
12
77 55 21 9 54 103 4 109 13 45 37 47 
13
76 25 65 17 20 64 87 29 19 96 37 54 56 
11
60 63 39 94 64 105 3 65 59 106 86 
5
4 3 46 104 67 
11
2 24 91 22 50 82 77 51 42 11 27 
10
50 87 7 44 32 81 6 78 61 5 
9
108 14 48 69 105 85 51 4 73 
13
1 42 31 26 109 15 99 97 102 107 35 65 46 
5
2 15 47 18 1 
12
105 47 35 89 93 61 52 19 81 32 97 71 
11
23 52 4 19 74 33 108 43 13 95 94 
15
88 81 96 5 74 2 99 26 28 41 10 75 59 55 16 
12
25 72 21 24 65 82 17 45 0 23 16 43 
12
52 38 4 46 69 24 29 3 8 100 23 109 
22
11 92 17 84 52 102 41 51 6 10 93 91 71 81 9 40 107 18 87 21 99 36 
14
51 44 81 32 38 31 33 1 62 17 102 52 86 57 
18
95 30 0 16 1 41 33 92 49 12 9 29 93 4 10 76 85 13 
14
1 24 37 3 91 5 48 49 103 36 70 53 79 97 
10
76 6 33 8 10 95 44 21 86 7 
11
90 73 103 56 0 48 63 79 37 70 95 
14
23 100 11 85 102 80 67 94 89 69 36 13 18 103 
11
77 108 8 15 104 42 23 22 64 44 59 
8
62 6 44 30 5 74 37 92 
9
94 82 69 22 93 95 7 30 56 
16
41 11 10 38 9 18 61 60 94 0 75 72 83 87 3 1 
13
84 38 7 42 109 41 22 97 74 61 96 104 39 
14
68 1 77 51 90 98 109 27 9 91 88 66 3 39 
11
76 71 50 83 17 41 79 54 28 95 34 
14
93 10 1 22 96 99 35 55 38 102 14 30 42 79 
18
21 22 93 82 87 77 69 39 95 27 108 40 106 67 78 11 34 29 
12
86 106 2 10 32 1 70 42 88 46 16 11 
10
65 61 97 105 55 91 64 17 59 33 
15
73 107 15 79 35 62 86 54 8 101 0 95 48 37 18 
7
77 3 16 29 23 26 74 
12
35 75 2 64 45 100 4 102 8 27 11 43 
10
30 44 27 46 70 56 29 20 42 66 
16
95 41 80 35 4 82 22 26 6 16 103 68 9 65 101 52 
10
90 7 55 21 28 51 79 30 74 64 
10
95 61 109 107 13 108 103 80 76 12 
10
99 101 31 107 90 59 70 43 25 37 
11
100 33 69 87 76 35 91 28 89 12 47 
12
42 12 54 14 67 90 76 64 81 35 106 3 
14
31 64 97 42 101 3 25 106 1 66 102 13 72 8 
11
42 78 97 13 79 96 64 43 66 73 59 
9
33 73 52 19 38 74 96 70 60 
18
42 34 86 66 88 43 106 12 68 79 36 77 73 82 48 60 69 105 
11
25 61 78 41 93 51 94 75 8 43 17 
14
93 2 30 92 34 81 57 12 108 75 98 67 59 42 
9
103 76 28 26 8 43 105 97 3 
15
34 89 40 7 0 6 57 78 4 16 61 13 32 21 64 
6
36 90 70 109 84 63 
9
15 92 89 82 19 14 42 86 18 
11
13 29 64 70 57 92 65 84 78 5 37 
19
3 98 69 6 45 50 16 67 43 107 38 86 20 30 2 88 39 29 70 
7
48 107 71 44 53 36 75 
13
23 27 59 6 56 32 81 11 9 52 98 35 95 
7
80 95 92 40 79 91 52 
11
42 49 88 104 82 89 103 57 64 1 12 
13
71 56 36 23 0 4 88 97 19 60 79 109 32 
14
57 88 27 10 76 75 100 3 25 50 108 63 36 49 