160
821 313  38 496  621 637  586 691  197 350  1306 371  245 291  632 85  726 382  387 189  1429 284  705 766  465 631  1375 57  1402 710  357 351  742 155  614 665  1534 666  817 233  1442 338  812 166  367 753  1508 710  973 80  243 545  1529 774  70 284  340 54  532 520  124 732  533 202  378 306  412 90  425 506  1029 127  1518 70  1329 665  151 220  150 196  516 689  698 360  1023 334  219 626  384 638  1001 411  42 644  1428 749  1179 180  559 795  491 40  1081 383  904 184  1073 630  953 680  310 161  942 56  51 478  575 185  1132 71  145 820  927 639  1053 244  38 538  316 46  567 262  1493 222  1539 826  294 461  1515 698  1050 530  466 329  641 729  248 470  151 145  76 350  1484 336  1085 292  656 483  213 183  981 459  147 256  1121 409  377 107  673 738  485 704  536 669  187 633  1477 168  465 668  1337 518  1505 491  411 816  474 139  1329 338  69 123  114 278  1411 438  1322 753  764 602  699 385  972 437  481 260  743 282  531 619  266 344  850 133  1313 596  738 104  1481 656  1470 378  1220 183  1005 560  726 300  1243 756  874 530  602 429  403 618  941 800  1517 276  597 539  72 147  1278 269  561 154  562 558  112 256  478 42  1548 174  253 545  868 483  1269 447  913 70  333 201  206 813  881 664  1387 442  1160 822  490 688  760 661  1216 598  560 530  1111 210  1171 801  602 671  1128 334  586 249  1320 148  1341 374  1168 667  449 817  1544 390  491 734  470 687  490 514  1429 585  739 776  420 638  1302 39  329 593  795 770  
25
137 86 113 128 154 88 49 25 109 148 56 155 150 87 55 47 116 152 140 44 89 90 96 84 92 
27
154 80 23 150 43 12 111 117 126 139 95 97 87 147 25 60 149 77 39 129 100 55 4 81 52 71 24 
20
79 115 142 121 3 62 8 74 31 153 26 119 93 124 109 63 13 51 155 110 
24
75 110 91 123 70 46 21 2 60 148 51 63 31 68 74 94 84 135 17 133 101 93 4 77 
28
134 133 31 88 61 140 136 119 83 156 117 159 50 99 151 59 127 9 107 90 147 70 86 102 1 27 3 155 
19
155 79 48 141 143 63 147 28 113 34 15 144 130 23 45 106 121 40 39 
18
24 101 99 63 38 97 81 30 134 14 67 75 147 98 77 42 85 132 
21
112 39 93 30 129 94 104 56 78 133 44 81 32 67 146 82 41 102 89 36 118 
27
158 29 97 65 118 77 48 57 19 111 152 2 45 9 64 100 10 91 90 82 36 153 119 30 73 140 81 
22
64 118 101 79 63 142 76 30 8 136 4 67 154 110 61 129 132 148 106 46 60 95 
20
153 131 54 68 155 26 120 125 159 8 115 30 148 113 146 27 65 50 121 53 
28
78 159 59 83 85 31 66 113 111 16 72 57 64 109 27 53 156 32 29 95 115 25 154 14 150 102 49 125 
23
94 46 1 81 119 75 131 157 107 143 49 26 69 113 129 147 149 142 21 116 45 118 82 
19
154 126 152 104 81 90 36 19 132 32 54 20 14 79 95 127 26 2 45 
29
40 91 150 88 133 145 41 86 72 32 6 82 121 103 49 153 75 13 63 157 77 53 94 26 116 69 11 137 158 
19
146 81 140 117 132 69 48 157 71 130 18 142 148 78 36 5 129 105 126 
28
82 79 120 43 48 109 76 135 47 86 71 11 136 22 150 30 90 20 96 83 56 80 84 73 94 54 111 37 
20
123 155 122 25 42 47 93 63 101 150 153 58 59 30 36 53 21 3 126 64 
17
93 87 92 119 142 15 73 65 151 118 34 83 120 140 157 122 25 
26
75 147 156 101 91 92 95 8 134 71 13 70 62 111 55 86 42 143 119 102 127 116 121 68 20 21 
22
88 79 135 23 86 154 89 68 30 116 155 54 13 94 128 84 119 16 50 136 19 126 
18
137 114 3 96 62 68 45 84 119 28 17 128 140 12 29 42 51 19 
19
80 24 77 32 57 123 51 151 16 38 45 99 71 58 154 135 50 138 87 
25
89 64 1 20 105 61 121 106 42 53 154 148 119 58 92 96 94 65 100 5 74 79 151 147 155 
22
100 6 22 27 118 46 99 82 65 124 26 68 42 108 132 31 85 39 28 154 55 1 
24
99 108 81 58 129 59 36 0 17 39 126 137 145 57 45 112 122 1 32 11 40 155 26 18 
26
76 55 102 139 59 10 123 86 101 87 2 24 136 12 71 29 57 35 14 56 156 13 126 105 25 124 
24
66 71 155 132 24 141 116 104 120 111 53 32 103 11 39 113 49 90 142 41 10 157 4 46 
25
116 109 159 74 84 153 41 154 130 134 126 5 104 85 56 49 88 61 21 142 144 60 24 155 64 
23
8 62 100 141 82 143 42 83 109 84 69 40 150 123 49 60 11 151 26 31 21 131 80 
27
66 78 7 143 101 156 137 20 9 6 107 117 154 17 16 142 10 65 153 132 35 98 51 128 40 8 79 
25
4 118 84 53 67 145 11 2 99 88 98 61 3 54 24 48 128 81 37 148 100 29 33 156 58 
27
40 127 103 35 125 22 27 83 130 94 14 13 36 149 7 52 11 25 56 71 46 100 80 85 65 98 135 
21
76 55 73 59 42 153 127 67 142 94 52 65 118 50 51 71 157 82 31 104 140 
18
63 66 152 121 126 112 97 38 53 5 50 18 61 58 113 91 109 103 
28
39 119 32 148 143 152 76 68 90 99 105 93 87 56 74 46 80 111 53 156 30 117 26 44 125 123 45 92 
30
37 110 41 25 43 118 13 57 121 107 150 140 82 15 32 127 114 17 39 124 8 80 133 108 48 126 7 104 45 155 
23
66 47 36 75 145 56 57 69 83 114 125 100 152 67 120 113 31 108 139 59 133 126 16 
20
134 153 124 6 56 51 99 110 22 34 95 68 130 104 141 114 78 42 128 155 
20
71 157 35 7 92 54 78 100 25 104 147 27 67 36 116 1 72 83 24 5 
34
53 32 14 119 159 153 98 86 136 88 29 155 70 120 87 100 75 66 58 122 101 79 103 127 25 5 102 73 30 139 71 44 152 154 
24
107 144 36 14 28 81 133 45 101 129 74 151 112 125 62 127 111 119 27 7 88 108 91 156 
27
78 113 53 62 29 33 23 17 146 50 81 124 99 122 98 19 24 145 109 147 65 38 137 21 90 94 6 
16
137 84 36 16 1 51 146 82 108 123 104 83 120 135 58 105 
29
99 110 52 159 102 136 51 72 123 75 7 69 81 48 128 107 93 45 53 61 71 114 0 125 35 78 55 40 152 
27
74 102 141 41 67 8 101 99 116 125 25 143 159 22 128 155 113 21 44 97 5 12 69 13 108 35 36 
28
118 126 51 12 85 3 98 148 65 67 24 143 81 58 35 64 115 120 82 32 9 114 156 152 27 104 59 91 
21
37 89 110 111 66 79 16 94 17 143 61 64 102 131 120 0 121 53 60 78 150 
22
123 100 8 5 16 54 15 114 117 127 83 55 44 82 31 139 73 68 51 105 36 158 
21
99 129 126 0 101 118 125 67 29 14 12 28 79 27 119 72 58 87 117 135 11 
24
98 157 58 65 4 42 95 143 130 123 34 66 127 33 76 60 117 124 20 10 102 55 122 22 
25
46 94 44 65 70 43 121 130 38 143 3 22 86 95 152 63 145 156 33 48 30 154 21 2 159 
18
44 105 152 91 89 33 78 131 84 56 118 145 137 32 75 1 149 83 
30
75 40 112 42 66 89 85 31 23 73 61 158 27 153 11 34 118 35 44 103 14 17 92 115 47 122 67 64 102 10 
20
82 67 10 59 61 73 101 48 39 153 158 20 150 13 31 64 97 113 16 105 
19
26 69 33 98 77 72 66 64 19 48 0 152 117 143 1 129 24 50 44 
25
125 67 37 38 71 7 0 96 142 35 121 104 52 28 145 157 57 131 16 32 26 146 97 76 155 
23
71 124 8 134 83 125 36 37 101 137 67 22 87 11 127 25 64 144 105 56 26 69 107 
28
134 116 25 94 138 50 106 80 110 158 135 136 23 17 46 157 40 22 34 103 125 49 111 92 69 43 141 31 
19
123 25 54 33 26 146 11 153 100 127 4 64 65 17 99 145 140 37 46 
19
74 85 65 87 100 3 138 150 125 152 68 108 29 50 1 28 47 9 92 
29
4 105 96 23 54 77 82 103 114 53 136 155 86 47 100 31 9 34 97 81 44 157 28 69 139 147 107 71 135 
22
29 42 144 67 138 141 155 2 19 131 68 127 150 77 41 21 140 107 76 128 102 92 
26
75 154 34 112 148 6 123 158 9 5 72 17 3 137 97 67 141 128 14 51 66 84 121 122 2 92 
30
23 103 148 9 155 129 108 151 55 142 144 59 8 11 47 134 152 57 106 46 150 54 107 75 159 53 28 112 17 139 
26
60 8 104 141 51 140 142 121 50 137 46 116 18 24 33 59 154 23 30 149 42 97 73 10 138 32 
23
74 27 137 37 151 30 34 53 92 47 55 120 79 11 139 40 50 63 157 75 105 115 123 
26
145 116 54 31 56 62 158 33 74 45 57 46 142 70 156 49 128 9 82 63 37 39 6 7 53 77 
26
142 115 141 10 20 35 81 84 139 62 106 60 144 24 21 38 132 3 129 48 156 89 127 19 72 114 
19
55 15 37 29 152 44 134 75 12 81 61 57 144 58 104 14 154 45 91 
24
84 145 115 105 159 75 73 3 140 51 94 158 19 67 40 130 122 111 76 86 113 4 149 87 
27
27 106 57 39 109 77 56 15 19 84 80 16 136 152 97 75 159 140 26 22 44 33 32 1 118 40 61 
16
99 75 149 104 55 44 63 155 110 14 11 49 39 100 128 68 
20
76 88 33 70 54 53 110 18 85 153 95 113 106 48 65 151 40 16 134 8 
31
134 66 122 152 93 45 60 100 158 81 120 28 67 126 135 2 76 41 129 35 125 124 91 3 111 82 92 23 144 83 143 
27
72 53 63 19 98 3 81 70 122 37 148 84 44 12 127 40 71 69 14 52 64 134 6 113 97 66 137 
24
154 26 33 73 127 78 35 16 148 130 9 134 96 74 122 70 62 50 141 94 102 136 56 123 
17
91 8 55 22 71 61 130 151 62 14 1 67 150 6 99 132 3 
27
154 42 11 92 30 76 146 39 7 81 149 15 52 136 91 157 147 128 93 106 150 121 38 44 47 137 102 
21
20 138 2 5 16 66 9 47 129 128 152 49 13 94 139 40 141 23 30 106 149 
24
1 22 143 136 84 100 71 58 87 104 102 140 35 133 111 137 83 85 16 130 36 32 29 147 
28
25 15 75 74 13 95 147 12 41 124 6 68 78 120 7 42 46 122 44 85 126 69 31 61 110 1 86 8 
31
93 54 16 128 126 118 29 61 105 99 150 24 43 124 36 139 67 14 140 48 90 74 114 152 129 8 46 7 33 159 12 
21
103 4 29 11 126 57 137 32 48 37 152 43 127 18 80 157 86 39 16 74 52 
27
31 70 90 129 43 131 29 130 28 80 71 75 68 102 52 93 142 124 20 116 21 63 3 16 95 115 0 
23
60 131 53 127 46 119 11 95 154 105 73 97 148 28 81 114 24 80 156 98 134 32 6 
22
0 125 20 90 158 100 40 26 16 14 61 145 128 51 19 159 151 70 83 4 106 81 
22
109 126 18 94 60 124 99 26 139 57 80 35 0 40 1 157 49 90 92 105 70 22 
17
4 142 131 20 14 73 0 150 117 90 40 91 130 31 148 28 41 
16
47 23 53 156 20 52 140 126 110 154 0 68 111 145 7 92 
25
91 117 84 86 146 128 104 133 13 35 88 108 144 4 16 8 82 27 87 140 0 157 42 137 159 
26
14 90 77 3 105 111 103 19 159 52 118 106 88 156 121 78 146 8 74 34 155 41 136 144 69 46 
25
78 66 18 19 113 39 125 119 99 103 23 126 100 98 74 53 116 58 87 89 0 60 63 35 62 
18
74 82 155 18 7 129 141 17 35 116 97 84 2 44 78 156 149 3 
27
139 12 58 51 87 145 107 143 7 70 47 33 32 150 146 105 23 20 3 79 104 112 14 76 16 138 42 
23
98 157 113 81 19 125 85 109 116 139 50 73 51 1 38 123 13 11 128 107 84 120 9 
13
150 61 125 76 56 155 23 114 21 99 16 0 111 
26
8 153 120 125 134 113 115 6 158 104 93 34 71 85 63 98 1 45 54 61 65 106 56 151 75 138 
31
75 50 125 95 114 124 55 111 115 110 151 40 46 103 149 31 119 138 97 42 117 92 137 30 144 6 85 102 153 143 32 
30
134 44 72 25 49 6 87 137 82 126 148 92 35 4 24 31 38 124 113 42 45 22 59 135 138 96 157 153 105 77 
24
29 24 74 115 48 60 86 59 112 80 39 8 61 37 40 113 158 92 23 1 143 31 72 32 
22
152 6 19 9 102 30 54 124 118 41 149 57 49 156 122 26 17 119 151 45 40 3 
24
26 101 45 142 44 80 84 47 19 159 107 134 105 4 40 53 148 7 76 50 11 98 62 78 
19
64 83 32 91 152 131 61 98 135 27 92 128 14 58 40 53 126 34 140 
24
112 72 65 159 13 90 27 7 105 97 80 28 126 56 39 43 149 38 94 69 109 46 36 33 
28
61 70 124 23 91 52 116 82 104 158 35 152 85 106 122 94 57 142 102 48 141 66 54 99 26 15 87 43 
26
71 155 23 58 91 149 137 68 119 132 112 105 64 116 78 118 73 86 143 114 9 97 5 150 129 79 
15
142 41 94 36 157 30 12 4 44 62 102 64 95 61 57 
17
25 115 156 64 148 43 90 60 24 157 117 37 140 112 36 41 45 
15
28 87 71 16 29 0 95 125 147 11 42 122 2 34 104 
20
44 130 123 36 3 47 98 73 72 58 116 38 126 9 89 134 81 141 2 151 
23
122 91 98 47 116 143 1 8 27 153 11 127 19 35 70 80 74 58 41 89 115 96 16 
16
53 7 104 63 100 34 106 41 146 25 137 157 94 131 108 64 
26
42 0 95 156 142 92 97 137 119 11 154 99 5 121 100 45 27 12 37 73 70 10 34 123 75 54 
22
98 123 144 115 21 61 139 48 132 37 96 36 137 85 82 38 106 44 130 46 125 68 
22
70 108 68 100 2 98 145 114 97 130 157 123 155 156 10 46 116 11 53 84 111 66 
26
58 28 67 105 111 27 20 65 137 95 93 110 45 136 142 106 0 84 39 19 115 92 14 149 12 158 
17
90 119 88 15 4 48 1 30 98 124 55 136 108 50 35 126 49 
23
31 46 139 9 82 8 121 36 24 101 91 130 49 52 137 18 53 33 106 150 71 12 7 
26
4 35 117 138 40 18 85 113 92 12 23 106 101 2 98 145 146 19 120 20 49 21 41 154 8 153 
19
147 97 16 74 66 153 10 27 81 135 40 47 37 119 18 43 46 122 95 
20
146 143 132 23 118 2 51 65 36 34 56 91 113 14 78 47 19 63 5 10 
20
74 111 75 17 101 70 42 81 105 76 25 40 132 109 137 53 120 63 50 18 
24
110 17 59 48 3 140 114 132 63 26 153 147 44 115 22 29 43 152 50 95 113 35 76 66 
22
130 139 57 105 98 87 38 101 81 135 99 82 125 24 42 84 74 117 2 50 36 26 
32
98 56 130 86 151 32 96 97 95 57 92 127 109 60 133 49 124 10 37 45 41 129 74 141 58 147 44 144 35 11 138 114 
28
46 82 13 49 87 129 83 157 28 74 99 34 25 1 89 104 110 92 81 117 103 17 26 36 20 37 15 154 
25
32 76 85 33 152 125 59 139 4 48 75 62 111 57 36 149 156 41 50 83 13 19 131 40 68 
20
82 0 90 79 103 67 86 44 45 63 78 20 136 31 21 95 30 38 62 72 
23
134 49 25 137 84 93 64 126 7 79 41 74 125 15 9 12 1 82 68 55 158 156 106 
26
110 124 138 125 142 152 131 84 115 135 76 28 118 15 51 148 77 32 88 70 143 50 38 5 80 114 
16
88 146 85 133 10 84 103 130 62 12 52 47 127 56 112 29 
19
152 121 138 27 15 123 147 13 114 106 68 24 30 122 9 156 148 77 6 
15
4 131 14 90 41 7 125 153 80 138 36 3 143 37 154 
23
99 4 158 74 58 129 38 97 57 19 28 76 147 6 64 69 102 75 110 150 73 159 85 
17
20 16 151 130 103 74 124 120 58 99 3 150 43 49 22 61 32 
22
4 80 159 158 44 40 61 140 58 9 16 78 71 26 116 128 117 148 147 20 76 91 
30
66 21 43 0 129 99 113 30 65 83 57 116 106 25 155 63 153 112 118 52 114 80 98 122 159 14 42 78 90 75 
16
79 130 119 132 58 62 60 149 98 133 99 65 97 94 125 22 
19
118 94 124 26 114 127 68 66 87 95 159 82 1 79 48 37 61 40 64 
24
4 15 123 141 146 70 65 136 89 149 36 80 82 71 62 59 0 21 90 18 108 103 8 33 
18
29 68 65 45 140 145 5 27 62 93 63 125 79 76 38 105 110 58 
23
88 107 68 130 2 102 113 65 18 9 33 67 15 64 56 84 116 30 105 27 148 12 28 
22
121 29 30 35 80 111 5 94 51 46 47 50 130 45 12 19 55 106 100 133 98 74 
16
41 62 114 145 64 90 68 57 156 5 74 69 28 98 125 91 
19
70 67 141 37 14 94 115 31 144 86 25 119 52 56 42 59 51 89 159 
17
131 121 15 59 90 140 78 42 43 94 112 119 91 158 7 10 56 
21
19 120 157 81 123 132 5 134 109 39 78 4 42 1 12 136 6 125 61 23 80 
23
64 63 35 76 46 0 75 99 108 23 130 3 15 85 88 136 10 9 142 31 132 102 150 
20
158 155 72 101 98 106 78 140 138 127 32 65 104 1 12 116 70 93 52 79 
24
14 96 88 1 82 60 29 36 0 94 62 17 54 16 64 78 135 106 134 11 118 77 148 47 
19
66 125 153 98 64 135 4 77 158 22 101 41 18 86 29 73 97 23 110 
29
74 101 132 34 103 153 13 52 130 35 127 8 69 105 60 71 64 37 79 55 51 123 83 82 0 154 46 40 44 
28
97 10 152 38 151 33 59 120 40 158 28 54 123 156 111 2 53 133 17 73 137 14 30 99 8 155 98 119 
27
63 13 76 1 78 0 20 28 23 157 113 85 159 9 65 30 22 89 11 119 51 69 152 24 40 126 133 
29
93 5 149 64 106 27 10 62 17 61 72 20 115 40 0 96 137 45 158 25 28 91 2 153 38 4 23 56 36 
25
19 113 4 30 89 108 101 153 67 91 115 144 127 35 11 51 132 68 26 93 85 129 46 41 31 
25
39 50 95 147 126 15 115 154 107 12 58 78 56 112 108 83 14 87 66 99 33 61 27 90 18 
23
134 8 149 74 136 86 153 63 67 53 70 105 58 97 54 151 100 155 146 129 116 48 14 
23
44 11 70 28 104 136 40 91 4 154 139 71 45 10 86 102 64 137 145 134 82 51 90 