160
47 334  1248 515  621 495  205 803  582 628  183 159  561 656  808 541  854 51  840 212  1349 703  1304 307  107 511  508 615  1283 291  1337 189  795 420  1379 758  523 676  1356 657  1092 794  388 713  794 52  496 275  657 438  51 412  1027 326  268 464  806 452  1238 250  112 685  486 212  493 388  460 269  1482 491  201 305  621 217  821 184  861 255  1541 367  499 564  273 267  107 117  934 593  1251 369  772 54  160 374  30 787  759 250  1202 166  1494 681  140 56  314 590  78 578  1045 402  1039 742  648 584  725 202  1012 412  854 72  652 671  1324 449  902 305  269 264  174 371  28 213  1205 619  904 698  1062 48  1367 730  43 415  312 73  965 653  1334 78  1231 197  253 120  842 618  887 217  532 117  837 268  21 606  1546 247  1461 618  1009 393  538 271  1437 829  654 725  190 633  1474 570  1320 327  1012 726  858 391  1192 252  1472 720  1080 811  1529 525  1217 461  1246 204  1254 388  600 706  1322 806  1303 663  539 580  1273 383  252 448  1225 35  729 438  508 641  51 100  905 594  131 319  462 373  98 260  731 332  628 130  82 659  1041 90  533 497  209 606  1504 665  889 760  732 110  156 608  398 161  1143 258  309 380  1301 628  260 471  1430 86  376 806  919 211  668 732  1267 720  1091 533  674 709  264 318  425 173  1460 149  1197 664  458 655  460 505  1250 59  590 509  852 668  1179 545  1542 727  778 232  711 570  1478 339  850 568  1479 614  1302 528  639 55  953 387  266 196  1239 405  1089 605  210 24  689 619  307 500  
17
24 61 39 145 59 25 147 86 114 101 73 119 88 158 54 153 63 
15
30 45 4 43 130 41 152 159 37 49 92 111 145 105 79 
22
37 135 57 11 136 147 101 19 29 126 13 128 60 28 32 153 82 72 84 44 80 122 
25
98 139 134 45 102 74 90 42 53 67 73 109 56 60 153 119 47 115 87 114 59 158 116 33 22 
11
37 1 13 150 75 76 59 95 122 32 20 
21
79 33 115 85 31 153 15 65 73 26 116 36 147 100 75 145 56 20 107 64 128 
16
99 41 127 23 74 55 150 36 26 100 89 77 12 85 111 115 
15
57 92 150 84 137 100 59 109 126 102 52 41 46 9 16 
12
98 48 66 38 46 153 53 41 64 129 28 56 
24
52 84 102 11 55 45 61 119 17 151 66 62 29 96 44 22 113 42 131 98 105 49 7 63 
12
84 108 148 19 153 122 75 157 26 143 83 124 
11
58 2 98 47 9 119 145 124 19 89 146 
13
156 97 128 106 133 138 45 6 124 145 77 139 16 
13
94 141 2 4 62 40 144 152 43 79 133 85 32 
15
138 159 42 34 95 115 27 65 102 81 35 150 85 20 141 
13
62 148 81 95 5 75 124 91 79 90 53 128 64 
19
139 136 156 59 23 108 30 61 39 138 35 81 146 111 22 118 12 7 27 
19
21 109 113 53 47 133 9 24 74 96 124 90 52 110 75 83 44 149 57 
11
67 113 30 23 52 111 117 60 56 19 35 
15
94 104 2 70 48 93 73 150 36 10 11 87 128 71 18 
16
24 154 157 94 148 38 125 70 124 79 49 5 122 14 4 153 
10
27 89 17 102 31 145 96 124 79 24 
17
146 79 46 123 67 144 9 111 92 70 126 159 99 136 16 91 3 
15
6 76 47 106 16 18 119 29 34 28 70 36 46 49 125 
22
41 36 58 0 20 78 152 127 131 61 17 154 95 155 137 21 59 111 108 37 89 56 
10
32 115 50 0 83 124 37 74 157 77 
14
77 51 71 75 6 5 38 105 107 92 10 83 137 100 
21
92 34 76 21 156 101 150 158 95 70 102 35 120 132 14 144 145 141 151 142 16 
16
76 121 155 137 123 2 118 46 104 84 23 8 98 86 138 92 
17
158 45 2 129 147 75 145 135 23 110 55 9 137 146 43 109 70 
15
99 109 1 18 39 54 56 16 153 40 148 94 103 128 75 
12
106 70 67 21 75 5 83 39 149 87 46 59 
19
34 79 25 128 46 112 62 134 60 77 93 2 126 109 49 131 89 4 13 
20
66 144 5 61 99 91 138 112 51 83 36 89 81 134 156 38 92 111 41 3 
18
27 37 98 116 32 103 143 91 54 105 14 41 117 74 23 79 38 78 
16
92 154 152 127 102 87 27 43 70 100 128 14 16 130 110 18 
18
24 61 121 108 6 122 134 149 19 5 33 90 131 155 94 85 23 79 
12
34 2 4 95 88 56 25 69 1 24 157 107 
19
63 8 127 20 121 85 62 53 124 116 26 33 58 91 142 34 55 39 146 
15
61 57 30 0 114 31 133 16 98 47 85 132 138 38 115 
13
89 110 116 128 84 13 30 66 145 125 65 55 158 
23
6 24 139 47 124 100 56 62 1 112 58 109 34 153 149 8 7 146 51 115 110 46 33 
18
122 105 3 121 60 14 95 143 132 9 73 153 147 112 98 108 57 79 
14
152 1 134 55 85 35 83 92 98 155 13 128 29 129 
14
79 94 105 113 127 152 100 9 107 2 103 17 114 74 
15
1 29 96 3 138 51 91 9 155 12 134 111 84 120 107 
22
84 32 8 138 116 22 121 28 159 83 31 47 7 156 41 140 154 49 53 23 59 114 
24
74 72 117 41 141 55 11 51 138 102 23 17 68 88 83 98 62 140 134 39 3 46 126 124 
10
8 99 62 19 87 133 59 91 78 54 
16
138 107 113 110 140 139 109 131 32 1 20 9 97 105 46 23 
12
98 25 99 65 121 82 86 63 149 109 147 58 
15
26 125 89 45 147 104 47 123 33 81 110 142 41 135 70 
15
67 9 122 158 18 157 95 98 149 17 7 102 153 55 140 
15
80 56 131 61 8 17 3 38 136 102 15 86 138 72 46 
13
139 30 125 34 151 105 96 154 64 143 48 122 0 
18
6 60 87 107 136 47 88 43 9 101 125 154 134 29 153 40 38 52 
16
53 104 41 37 30 137 3 8 97 61 134 5 18 24 157 105 
15
2 7 39 152 119 79 150 126 121 100 146 42 75 131 17 
13
24 11 73 41 38 83 91 50 143 69 150 90 68 
16
92 155 0 7 16 151 140 75 48 95 136 24 4 31 3 46 
8
55 42 32 2 80 3 18 75 
17
36 39 0 140 33 53 131 99 24 9 16 134 85 101 65 137 56 
17
92 94 15 69 103 142 32 48 13 41 38 152 79 9 47 96 133 
9
99 38 75 50 68 103 100 9 0 
8
151 156 131 8 54 138 5 15 
14
120 95 50 73 101 5 133 14 108 40 141 61 84 113 
15
8 33 68 72 134 150 88 78 9 135 40 103 129 136 122 
10
31 52 18 72 90 3 22 73 74 146 
13
83 66 69 120 129 63 47 156 86 107 72 117 58 
7
62 68 37 128 58 149 129 
17
31 85 100 27 19 35 105 99 20 144 23 121 22 143 29 51 92 
10
139 93 142 26 112 85 134 19 116 82 
16
47 147 67 116 155 117 66 102 79 83 2 153 92 68 53 139 
16
102 155 98 65 116 58 151 19 5 0 3 139 100 42 67 122 
15
6 47 124 3 97 17 34 144 86 25 151 85 67 44 149 
26
138 125 103 105 31 63 26 88 101 15 29 137 154 4 59 76 79 5 17 10 119 60 80 30 57 102 
12
27 149 28 23 4 103 137 123 75 150 110 135 
16
90 26 136 102 94 130 81 32 96 121 6 25 112 12 122 132 
10
93 114 108 135 24 66 48 122 129 34 
20
32 5 146 44 109 118 22 57 21 62 72 138 75 15 20 34 13 1 36 42 
14
151 112 53 114 155 98 105 103 101 100 60 2 142 75 
12
15 136 77 119 51 33 88 14 129 16 83 104 
7
111 123 50 102 2 117 71 
22
99 68 106 31 25 125 33 153 86 43 47 46 72 17 58 157 10 81 102 103 26 108 
15
156 46 10 9 141 7 111 95 40 28 45 96 2 129 65 
21
70 143 5 123 38 43 110 124 141 71 157 150 61 39 74 6 94 36 153 14 13 
17
112 131 50 151 0 99 128 101 83 68 129 74 87 143 53 28 123 
15
55 103 35 104 123 48 119 19 86 31 112 142 136 3 129 
14
143 157 117 55 37 75 139 47 66 81 131 0 130 147 
15
21 40 51 120 96 123 99 33 11 6 97 143 140 32 24 
24
151 126 99 77 155 122 145 104 67 129 3 116 114 157 103 17 107 15 36 128 142 95 127 58 
18
134 133 105 150 45 34 33 15 130 48 38 143 58 129 22 149 119 117 
17
27 62 151 59 35 7 143 43 121 22 72 26 1 33 111 28 70 
9
98 78 121 71 19 104 129 105 32 
19
62 131 120 19 105 13 138 44 20 77 146 104 85 30 158 36 101 95 125 
20
156 65 27 37 15 84 126 14 42 52 24 59 106 101 125 4 102 90 94 135 
17
114 45 89 109 21 118 141 17 77 9 54 84 127 62 102 117 99 
7
12 74 130 89 159 56 49 
26
34 8 3 93 132 50 127 73 11 148 126 80 152 108 134 47 129 52 43 39 149 9 111 28 138 42 
18
90 83 6 30 106 63 134 50 48 33 86 61 89 151 70 22 96 158 
17
70 136 125 41 110 7 153 80 6 73 44 35 111 5 63 57 26 
17
27 2 65 75 0 86 80 55 111 129 112 61 95 145 94 102 139 
25
143 142 73 21 35 140 3 82 9 77 27 47 129 72 14 53 126 7 96 95 83 52 154 101 75 
19
34 118 111 75 62 87 133 146 80 147 90 76 63 124 66 112 30 44 83 
14
90 19 56 124 51 134 93 87 135 94 115 28 120 81 
22
94 149 75 91 137 143 42 44 80 116 34 93 54 26 70 113 107 127 9 49 1 56 
11
99 31 129 12 83 23 131 134 95 158 159 
16
49 156 55 154 123 138 105 44 90 68 26 121 150 45 5 37 
15
78 36 141 10 111 146 16 98 65 24 155 130 42 83 125 
14
30 79 17 96 49 131 139 7 3 41 32 50 122 29 
12
131 40 49 100 124 85 51 29 17 41 35 76 
20
103 82 115 108 84 155 101 119 18 45 22 100 98 24 145 1 16 6 92 33 
16
80 86 32 139 126 33 41 137 71 87 101 103 154 116 42 77 
13
122 49 18 115 17 44 151 136 142 105 9 133 65 
14
78 96 129 39 80 0 130 90 156 3 132 44 125 46 
13
129 25 5 111 113 14 104 123 133 41 3 39 6 
24
34 119 152 141 72 124 40 118 73 46 143 105 90 151 5 120 38 155 138 112 71 127 3 156 
10
47 88 72 124 34 18 82 96 91 68 
11
103 79 116 134 96 154 28 125 143 141 16 
16
116 142 11 57 81 136 23 111 9 87 3 145 0 75 121 91 
11
94 130 65 89 68 27 116 140 45 104 129 
17
93 36 28 50 42 136 38 46 92 140 77 107 57 70 147 128 119 
17
90 113 42 151 52 36 141 10 109 4 73 54 77 78 66 20 2 
16
135 153 82 51 85 28 89 22 107 87 154 76 115 86 129 131 
26
156 138 145 116 41 74 126 104 110 38 21 25 141 11 15 146 159 117 85 17 20 103 149 12 10 47 
17
75 51 100 150 54 83 55 20 40 95 118 126 114 130 23 108 94 
15
90 124 2 112 98 95 7 32 102 132 57 47 125 22 142 
13
6 98 35 38 131 24 44 105 96 134 116 154 90 
19
32 12 151 2 86 40 149 19 35 43 147 30 90 69 15 121 5 143 135 
24
156 115 106 90 151 114 29 68 102 93 101 98 86 8 66 81 120 87 91 78 84 123 69 43 
12
120 1 77 114 150 97 91 147 35 108 88 125 
21
94 110 143 155 64 53 86 127 109 61 24 106 49 88 9 159 133 32 36 57 123 
10
98 159 27 126 42 156 39 142 114 77 
20
91 138 157 103 12 149 145 17 65 39 48 154 147 115 113 131 159 13 62 137 
23
99 91 3 135 43 118 148 141 36 104 32 66 55 33 98 61 106 45 71 47 156 56 127 
12
2 123 78 134 104 29 66 51 76 151 95 128 
19
77 100 2 137 16 81 55 121 148 119 113 53 59 152 87 155 66 22 138 
17
156 136 105 7 28 112 75 157 56 76 29 24 61 148 152 26 133 
23
151 75 14 49 143 124 94 45 133 46 47 33 12 107 79 16 116 64 98 39 136 53 28 
15
3 140 71 16 54 41 112 49 109 88 73 156 72 12 101 
13
139 61 102 49 145 59 47 121 120 89 46 154 52 
15
116 47 84 108 13 134 122 124 96 144 85 65 27 118 14 
15
102 71 62 119 113 87 146 38 51 158 132 90 80 27 126 
21
138 102 88 147 85 131 34 105 116 92 42 86 89 151 91 54 10 118 58 70 128 
10
33 22 13 153 141 148 74 27 70 158 
17
90 124 156 0 21 140 133 11 29 40 27 5 119 12 111 101 1 
17
79 22 148 108 103 94 124 147 142 29 159 41 11 16 38 57 67 
17
143 72 2 51 0 29 103 130 146 133 5 50 128 42 151 88 121 
11
15 98 146 134 20 136 10 144 149 30 137 
19
76 105 152 150 133 36 31 128 52 157 50 41 98 148 124 17 74 69 91 
17
27 6 7 91 149 125 4 66 19 57 130 85 76 107 14 152 58 
22
92 90 80 138 64 122 129 128 86 73 153 113 116 54 59 9 99 74 143 147 27 135 
15
116 43 35 149 24 57 98 62 1 44 13 136 137 150 157 
19
123 8 5 151 83 100 30 144 41 2 3 55 72 10 42 85 52 20 0 
16
35 107 20 118 75 55 133 123 54 24 112 157 46 140 102 127 
15
90 73 72 131 28 59 80 111 45 116 24 43 108 136 36 
19
27 95 129 12 84 124 137 107 64 145 16 68 33 139 132 114 46 134 116 
16
88 20 133 137 52 90 85 25 149 154 158 10 83 37 56 152 
12
27 29 52 157 142 94 0 144 106 3 40 99 
11
14 132 1 124 46 146 97 131 22 133 106 