150
229 531  563 645  99 542  1372 786  306 345  1485 804  135 718  851 347  329 580  1313 814  171 125  803 255  527 410  1263 464  113 586  509 186  48 642  467 128  113 208  313 592  1494 220  1147 690  1128 37  720 374  763 327  1532 429  133 350  343 674  513 730  1489 136  882 148  269 582  197 761  357 315  262 550  1409 768  207 522  480 493  956 122  92 433  1411 533  1269 342  528 272  1386 738  94 671  1138 56  757 221  1073 528  171 265  554 71  339 114  897 340  585 609  1341 442  243 255  1150 94  412 809  841 352  915 60  749 401  267 791  1350 90  1483 518  161 569  419 357  480 716  811 366  1362 408  1015 420  506 92  629 717  933 139  986 574  37 369  608 651  355 225  264 342  701 59  164 532  1266 709  1129 288  634 787  696 824  1319 656  293 196  543 640  830 606  536 131  466 649  1034 556  573 196  839 22  78 737  904 126  65 297  259 123  1401 265  346 737  418 67  484 126  1097 403  1154 145  738 724  899 254  1137 192  999 43  1119 440  112 129  296 307  646 575  355 533  285 311  329 518  513 536  451 197  829 621  67 230  92 305  1303 180  527 104  35 317  365 714  1492 341  1508 460  795 604  520 182  1543 571  1235 339  1532 555  594 725  343 143  375 582  1232 356  590 462  220 490  1230 121  551 620  787 658  1397 420  871 562  1345 750  691 448  581 530  336 399  1221 254  578 419  1193 525  1139 526  736 226  789 730  
33
131 77 19 82 124 129 58 118 49 74 10 43 147 5 34 117 66 65 134 47 71 96 53 113 38 27 87 148 72 23 11 86 6 
29
125 101 93 139 42 16 50 43 86 27 80 123 83 78 41 118 9 37 136 109 107 68 31 133 89 114 141 126 70 
26
4 34 127 19 43 95 119 29 78 98 65 16 62 116 33 71 36 128 103 73 26 146 13 124 20 139 
23
24 121 122 18 124 99 125 78 111 16 63 93 90 131 26 53 11 143 140 12 146 119 144 
41
149 35 2 140 120 146 127 16 124 102 122 12 88 54 70 105 130 7 133 87 137 104 41 61 101 90 37 22 5 91 9 48 111 136 25 82 79 52 17 75 65 
30
53 92 109 130 49 114 118 46 126 50 132 0 101 57 149 76 138 133 54 80 113 14 51 86 4 82 102 70 88 56 
25
99 136 118 71 79 36 111 24 83 127 145 104 17 29 73 42 116 64 125 129 148 0 117 18 105 
31
74 101 126 138 12 18 13 107 25 129 4 61 28 46 16 132 10 70 44 116 64 118 57 114 133 67 56 87 120 43 34 
23
11 135 142 97 61 96 120 24 20 100 29 25 95 77 86 21 68 35 90 92 115 138 12 
23
70 85 88 30 112 114 43 95 89 53 79 81 1 54 78 93 80 42 144 4 26 92 34 
32
104 147 132 38 108 144 97 143 52 93 0 119 112 145 130 7 65 42 102 53 146 54 85 116 149 123 63 60 137 133 12 74 
31
71 8 15 146 51 112 67 19 53 89 122 113 73 90 3 148 16 119 12 48 77 41 145 92 34 36 74 84 0 33 95 
30
63 34 92 148 38 135 79 124 7 51 112 4 75 73 27 85 138 11 67 3 59 134 77 30 14 8 103 26 123 10 
30
135 131 139 146 29 33 75 98 113 62 126 57 34 95 7 66 39 70 19 18 87 64 48 96 2 74 56 136 122 53 
27
88 52 57 107 80 78 126 133 70 89 99 62 66 93 104 117 135 48 134 5 34 73 147 42 130 123 12 
29
11 63 23 36 90 76 54 84 120 39 42 89 123 69 119 95 105 60 71 77 96 148 117 136 91 57 16 64 143 
20
81 132 1 4 3 142 120 2 7 91 11 83 36 78 148 88 15 54 60 137 
36
125 67 54 149 68 123 53 26 112 33 39 32 79 147 117 38 104 6 87 66 103 113 141 75 20 27 25 115 34 94 116 49 36 85 4 42 
35
92 97 41 65 3 133 74 73 20 131 79 115 146 135 7 69 61 23 44 63 36 109 76 19 107 102 13 57 64 21 125 89 104 130 6 
31
71 78 0 93 94 117 2 11 139 44 38 87 34 112 40 146 76 141 106 18 142 36 48 55 67 13 90 25 98 30 121 
38
24 32 36 42 98 69 18 56 106 73 75 8 79 94 28 54 92 146 130 45 132 141 17 142 34 49 91 82 59 127 109 84 46 37 48 74 2 101 
30
89 138 48 91 49 99 39 98 81 25 75 131 129 35 85 45 117 106 51 136 8 77 38 28 56 18 137 70 69 57 
25
71 100 67 103 138 51 26 76 74 113 133 89 61 146 106 139 111 35 75 4 132 121 24 105 68 
22
100 108 29 114 15 36 132 96 134 42 34 57 18 118 74 83 125 54 0 49 88 87 
31
20 67 81 48 3 35 146 6 45 38 126 83 144 8 69 127 128 120 59 56 47 44 89 22 66 98 42 41 118 54 32 
28
145 58 53 136 90 57 138 31 7 21 8 26 50 99 85 134 129 70 135 110 69 144 17 94 4 29 19 45 
32
95 108 39 118 94 22 17 124 129 99 119 3 110 126 149 25 109 71 92 40 134 140 111 48 9 128 50 2 121 138 12 132 
24
84 106 134 127 110 141 102 1 48 40 37 50 101 12 78 99 17 0 41 67 142 109 147 63 
27
111 96 105 62 59 55 148 118 82 74 138 7 20 117 141 144 30 132 66 135 98 100 35 61 21 128 137 
27
23 127 13 49 118 45 129 112 55 30 89 2 67 8 92 72 98 6 145 59 99 111 34 41 25 105 93 
29
131 9 78 99 47 109 102 118 29 104 68 137 105 130 53 55 85 97 58 28 34 45 129 122 126 19 57 12 116 
34
81 130 107 149 89 92 143 101 87 25 53 117 77 76 96 78 42 33 93 118 104 97 1 110 44 91 111 69 131 134 128 47 64 123 
33
20 97 34 91 147 114 80 132 73 127 17 118 66 137 98 79 67 46 109 90 82 104 133 60 112 65 83 89 85 81 77 43 24 
30
100 131 89 13 146 75 84 17 43 77 44 87 53 51 135 47 48 69 31 88 2 108 34 140 142 11 35 57 148 65 
26
12 32 2 13 137 55 23 99 74 19 0 90 30 33 80 20 17 14 29 11 112 9 44 67 66 7 
30
4 24 73 90 133 79 149 110 61 94 21 68 147 141 132 22 148 8 40 87 130 28 86 89 139 39 114 33 119 70 
31
123 64 20 6 115 15 23 63 132 40 87 51 44 107 146 56 18 53 19 66 2 16 144 147 41 102 17 11 82 104 120 
27
60 123 42 72 130 137 149 27 138 91 112 1 84 54 106 148 117 4 101 122 49 20 132 95 140 146 93 
25
124 46 12 10 65 100 85 59 49 24 75 19 17 111 48 131 134 43 108 0 113 110 41 106 21 
21
91 26 82 110 21 17 15 86 134 13 78 128 120 143 139 141 108 54 98 83 35 
24
100 123 95 121 113 36 75 27 129 103 82 136 78 149 98 19 67 26 35 114 109 128 102 91 
29
76 116 18 74 63 111 68 141 1 142 48 87 107 55 60 4 11 58 36 27 43 96 38 29 123 127 24 103 69 
32
37 20 1 86 142 136 23 125 98 15 91 132 148 147 63 131 116 31 10 130 6 95 83 87 9 81 110 75 14 135 24 17 
33
149 91 1 144 72 103 73 9 125 102 108 107 33 2 81 0 47 133 48 57 116 62 120 38 101 146 85 41 68 98 7 49 32 
34
81 99 110 46 62 130 101 58 92 120 145 85 112 72 19 33 18 55 36 113 7 84 56 98 125 91 24 31 79 63 86 136 34 138 
31
111 90 140 144 141 29 24 125 88 69 143 89 142 53 146 115 123 76 109 20 21 47 55 30 137 149 54 97 80 132 25 
28
44 125 38 105 99 144 139 5 148 75 126 64 130 7 74 77 32 78 122 98 66 56 145 20 138 146 69 107 
31
145 105 30 68 134 122 106 59 43 81 63 33 135 138 99 0 108 45 51 116 24 93 64 111 104 148 31 118 55 140 53 
35
24 98 116 72 92 21 71 58 83 133 68 78 27 149 127 43 122 93 41 33 70 38 11 14 135 19 26 91 13 117 4 20 89 105 88 
27
71 88 29 90 78 5 21 38 141 55 0 75 137 96 105 146 97 127 70 20 112 17 37 23 61 64 43 
27
118 94 1 65 89 139 140 120 108 5 126 53 27 101 25 131 114 90 133 26 115 81 136 141 111 104 75 
28
101 11 22 66 12 80 120 86 36 52 33 110 95 138 130 106 129 5 21 47 94 96 128 100 85 141 103 121 
16
14 97 93 73 10 64 107 95 51 137 148 82 139 96 4 61 
38
84 5 114 77 25 73 116 17 79 107 130 90 11 103 45 136 31 9 33 3 146 50 30 118 10 36 76 129 81 59 0 149 147 142 71 56 13 47 
32
128 113 146 17 55 15 94 100 4 143 84 9 20 37 5 10 23 61 74 127 141 39 45 110 89 136 16 66 130 122 85 24 
34
117 128 54 134 49 28 84 34 29 140 68 94 44 110 118 70 73 138 147 30 41 98 76 45 81 88 19 90 58 104 108 101 47 137 
28
112 129 79 20 125 141 83 74 137 122 36 117 84 128 44 24 111 140 76 46 21 53 7 5 13 58 62 135 
32
60 80 14 130 136 13 97 95 25 84 23 101 43 63 127 5 98 62 145 140 143 125 7 18 15 148 30 59 33 64 21 72 
26
25 112 138 142 145 136 119 0 44 48 130 86 83 103 77 126 96 80 110 146 82 30 108 41 55 56 
26
101 66 88 72 38 28 124 47 122 113 96 29 24 53 95 82 12 74 119 20 133 57 103 139 79 120 
27
99 37 57 94 74 92 131 114 89 69 15 96 67 70 119 41 32 115 144 10 88 16 75 78 104 108 63 
33
128 133 111 8 84 146 112 105 18 142 136 123 7 35 63 141 22 139 75 147 4 144 83 135 69 54 140 28 49 134 116 52 90 
25
89 137 44 66 28 134 13 132 43 14 69 136 88 57 71 2 108 97 98 70 68 125 101 128 56 
32
15 12 123 126 36 130 41 3 97 47 42 57 99 61 102 18 134 77 67 76 98 10 44 81 78 66 27 95 132 111 60 80 
30
36 129 88 65 149 110 91 52 108 46 99 67 124 121 147 113 95 6 7 13 101 69 105 47 18 15 49 89 31 57 
20
67 130 18 119 64 101 38 50 147 105 2 122 10 0 118 32 109 4 93 33 
39
141 74 101 59 62 72 51 148 128 68 95 13 80 139 104 14 99 32 77 0 17 90 83 36 28 127 146 46 81 24 103 135 122 54 107 63 138 79 34 
26
24 141 65 87 17 22 11 146 73 89 29 121 132 148 60 64 72 12 40 32 63 19 27 7 94 34 
32
124 74 17 128 103 47 119 48 41 66 100 55 30 70 94 148 75 125 35 1 69 101 8 133 81 129 62 102 43 135 22 105 
28
141 90 20 45 73 18 24 129 83 15 60 118 33 62 68 102 25 61 64 72 143 31 103 109 79 21 46 41 
35
128 9 107 112 75 139 145 135 14 122 148 68 4 134 55 48 85 60 7 138 25 49 13 115 62 92 93 5 90 149 21 35 1 129 132 
32
6 11 73 49 22 19 129 149 148 48 100 85 86 103 140 79 15 62 102 26 0 2 82 75 122 77 107 109 53 114 144 93 
22
90 37 48 127 59 43 66 75 129 100 44 139 98 82 29 67 69 0 128 78 57 102 
32
71 115 35 90 94 85 108 53 18 43 123 96 52 93 67 69 32 114 20 148 11 55 12 102 6 141 74 14 2 89 75 122 
33
66 7 115 60 68 147 18 120 140 41 0 106 56 22 28 108 34 46 91 23 130 122 136 59 73 54 119 11 20 111 13 98 10 
47
134 104 76 117 124 96 13 108 97 131 95 70 72 33 122 115 40 87 136 20 46 38 98 12 128 100 49 121 21 68 130 61 118 140 80 17 125 71 22 147 135 83 42 60 73 4 50 
27
75 41 77 134 92 15 138 22 115 139 112 31 103 45 5 19 140 18 55 122 120 53 63 94 56 98 144 
30
76 0 53 137 100 144 105 58 91 33 31 142 66 131 15 8 46 63 11 79 99 80 21 71 110 114 12 118 113 32 
28
84 19 30 107 14 49 87 3 95 146 48 123 98 2 40 1 119 31 9 46 39 27 16 103 60 63 80 72 
30
6 144 108 88 56 93 18 53 35 12 131 20 17 9 71 145 32 101 134 77 146 127 83 84 44 99 4 69 66 59 
28
57 96 14 32 111 1 51 66 95 134 9 58 104 87 122 113 75 5 125 34 108 77 45 107 78 118 131 63 
31
24 44 145 134 122 16 31 117 110 112 125 43 47 106 21 9 124 102 137 53 55 108 68 89 42 32 66 63 50 82 119 
39
136 88 108 147 125 121 115 144 111 0 128 91 39 28 119 123 40 146 96 72 127 141 58 97 71 32 59 120 109 143 95 85 104 52 20 5 36 4 81 
28
104 6 24 48 56 1 58 134 143 69 137 146 117 42 23 66 16 61 148 85 79 32 75 39 86 105 124 112 
31
110 27 53 78 124 136 121 90 61 135 15 55 33 122 101 133 57 54 88 37 126 56 44 112 132 91 79 20 108 11 86 
27
9 73 115 38 130 126 71 44 99 127 142 70 12 30 21 25 10 133 83 43 82 32 17 114 143 51 54 
27
89 42 1 58 71 148 92 122 39 105 51 143 8 139 147 5 118 131 97 35 149 83 44 0 101 84 110 
27
67 89 78 131 134 136 143 75 36 31 33 19 107 41 17 4 80 135 42 35 13 113 0 105 109 7 23 
34
82 14 145 49 149 9 79 64 59 106 45 131 115 4 128 119 107 84 124 62 33 142 55 103 99 16 60 5 148 110 48 23 114 143 
42
135 21 86 62 99 87 131 33 140 106 31 67 9 130 50 45 29 15 11 60 14 100 22 107 110 112 123 115 81 32 24 73 35 54 111 105 1 136 48 18 64 90 
33
45 72 73 69 138 49 15 116 35 84 97 95 25 108 53 3 145 133 11 66 105 34 32 4 50 126 55 19 132 8 70 61 89 
28
136 39 43 32 140 21 117 82 64 121 77 42 123 37 16 93 74 101 143 44 48 20 4 31 116 84 15 40 
24
5 18 12 48 76 60 139 44 98 86 31 123 103 133 29 20 26 134 11 147 9 70 126 8 
30
116 1 19 52 79 73 149 132 146 10 3 147 48 139 14 114 9 145 91 131 31 47 107 70 124 71 37 65 29 140 
21
119 60 73 50 26 19 137 54 55 108 68 133 20 35 117 122 51 17 76 25 67 
33
127 26 107 40 113 75 78 90 13 9 57 104 2 66 52 100 109 80 8 15 124 42 118 51 147 64 59 149 82 99 37 11 63 
29
28 75 80 121 8 134 73 112 23 148 82 31 60 58 59 49 0 101 15 137 142 111 13 136 41 51 149 52 124 
24
32 52 8 18 75 115 90 10 57 141 148 63 108 133 139 107 30 82 49 62 31 149 86 45 
37
48 126 20 139 13 128 92 113 130 42 21 78 149 75 72 112 2 123 40 32 57 29 55 106 62 44 146 63 46 28 39 76 115 24 19 43 74 
34
44 6 60 89 141 46 137 30 3 118 21 146 125 134 85 26 34 14 124 63 66 64 47 144 25 27 29 77 95 88 79 104 138 116 
30
118 143 23 103 40 33 22 71 38 133 120 77 72 68 95 8 54 75 132 89 116 109 104 126 111 145 117 28 123 51 
36
7 109 59 51 1 66 44 65 84 129 31 132 57 142 103 5 141 27 50 79 91 4 96 37 68 43 126 64 121 110 55 62 125 148 86 20 
26
128 132 119 144 27 43 30 4 108 73 143 63 81 109 10 71 121 69 18 68 36 5 122 149 40 72 
32
100 22 107 146 43 68 106 53 58 40 71 92 76 129 101 138 134 130 17 88 2 119 78 120 66 69 135 51 12 41 59 147 
33
75 10 125 83 123 111 128 116 127 95 113 30 136 66 6 17 132 14 108 80 100 4 31 32 82 119 55 99 36 47 50 60 18 
30
28 47 46 108 61 118 77 86 4 30 65 15 139 146 131 49 90 121 87 64 89 128 22 130 83 48 120 68 29 6 
23
27 115 116 142 20 103 88 124 89 47 74 81 113 22 37 19 98 21 51 147 119 38 126 
29
70 103 95 14 78 31 126 143 53 43 147 52 7 87 88 41 97 36 1 89 132 18 120 93 71 118 66 80 46 
40
23 82 79 26 10 128 73 105 139 75 123 43 90 135 97 50 74 94 64 102 144 146 125 104 147 47 109 33 62 38 81 58 80 120 39 141 55 84 60 110 
25
101 5 147 139 148 30 95 134 141 1 45 102 100 18 26 108 32 82 40 27 20 71 65 69 87 
30
44 84 27 133 64 39 81 142 149 35 51 55 26 58 129 89 25 31 38 101 42 77 54 114 119 136 88 86 108 143 
29
113 28 45 61 6 104 82 126 80 122 3 135 133 143 41 38 22 100 26 29 96 56 31 4 47 89 74 50 63 
27
58 56 70 11 9 96 61 17 29 81 44 12 10 76 98 19 37 124 123 89 84 32 49 34 129 127 83 
34
54 111 129 120 143 137 95 40 13 142 131 104 98 133 22 136 11 106 140 123 44 59 17 80 64 5 0 121 87 145 38 144 130 77 
21
53 23 32 9 130 117 5 73 60 93 50 40 143 110 77 7 85 35 71 1 88 
24
73 74 106 36 132 82 85 97 130 76 18 75 88 137 128 45 60 17 70 89 133 50 98 8 
25
48 93 117 41 106 90 53 104 118 137 43 136 42 100 2 140 6 7 10 47 17 91 99 30 61 
31
131 55 116 75 81 149 119 91 114 19 145 31 17 125 129 0 83 56 94 14 28 37 141 21 122 100 118 15 48 148 6 
37
6 128 50 100 120 29 26 99 0 28 105 30 5 116 32 55 69 1 119 53 149 23 131 95 75 31 135 117 65 86 7 125 107 80 77 47 24 
32
102 94 65 117 137 58 68 132 82 141 10 2 26 15 88 133 118 78 11 60 106 3 59 103 104 74 120 110 81 35 121 123 
29
118 113 147 74 4 131 122 100 149 44 15 137 8 51 50 16 24 43 76 39 82 108 107 103 119 105 7 36 59 
21
3 82 84 96 40 138 91 67 75 64 102 125 113 101 141 105 22 19 26 51 119 
34
81 3 148 131 147 120 111 47 84 75 86 59 70 4 124 11 56 48 65 149 76 80 74 117 94 46 37 71 102 66 30 73 54 13 
30
37 36 104 40 63 73 108 17 134 1 78 92 82 15 91 61 98 45 113 131 112 89 10 100 14 41 31 12 149 119 
25
125 68 38 84 75 3 0 26 4 59 12 106 122 99 95 81 88 112 64 141 143 93 2 83 96 
32
104 1 124 17 46 82 3 45 137 56 99 43 139 81 42 144 117 108 68 75 80 23 44 121 6 131 57 118 62 138 18 101 
28
98 128 7 63 111 107 24 85 14 13 143 144 5 132 58 46 50 26 84 100 138 90 101 92 30 1 106 129 
24
29 95 27 72 2 4 6 142 104 32 85 48 24 57 145 82 137 49 66 79 54 20 41 112 
32
118 102 61 54 70 126 108 68 104 55 129 98 82 136 66 75 115 88 146 24 144 56 39 2 40 26 51 28 72 105 31 62 
31
113 64 56 71 29 128 0 72 141 146 69 26 40 101 7 133 117 103 21 53 110 51 25 139 68 30 147 6 112 126 70 
33
31 65 44 57 5 37 144 63 85 115 114 58 53 89 98 4 10 30 46 75 20 42 103 74 51 140 35 146 105 14 54 113 18 
32
13 117 0 30 122 33 89 145 75 87 120 18 88 113 60 79 137 3 42 144 21 38 123 105 77 118 93 50 86 125 31 80 
35
102 148 135 136 10 139 16 115 23 36 32 93 119 126 101 62 42 5 100 143 7 67 104 107 20 35 28 84 22 90 37 63 45 26 70 
30
141 61 18 110 35 100 14 48 111 84 43 113 90 97 22 92 119 94 129 4 5 32 85 68 50 115 1 7 10 59 
33
81 75 27 76 96 55 87 62 47 123 99 23 83 39 109 70 80 136 38 103 139 0 79 63 14 92 25 26 137 61 12 149 31 
28
8 89 13 138 132 12 84 111 70 18 108 33 144 47 14 87 140 48 118 61 25 75 28 66 103 42 68 56 
35
6 149 91 82 132 84 58 145 87 57 25 42 128 75 53 40 113 61 104 134 1 116 62 144 21 74 96 15 4 54 110 50 44 89 13 
30
62 113 77 99 119 125 94 120 37 34 56 131 115 30 116 83 32 52 49 4 81 127 45 96 134 10 28 21 55 16 
30
135 21 58 90 22 76 7 142 121 140 25 37 28 141 55 148 5 103 47 12 70 51 126 125 99 26 44 8 46 66 
31
13 132 1 98 109 108 92 46 149 70 125 19 50 76 72 144 97 66 93 105 61 22 134 142 86 39 129 35 52 2 59 
28
4 45 91 74 89 138 50 55 71 146 113 76 116 75 3 135 57 142 26 149 130 61 56 33 37 145 47 93 
35
67 133 66 69 99 45 49 27 129 144 56 97 119 41 138 101 109 61 145 82 35 19 117 28 73 17 20 39 124 54 121 108 50 51 1 
25
8 58 106 138 127 113 42 110 16 61 45 85 41 101 77 139 88 19 140 20 96 27 53 33 147 
27
100 113 149 87 126 107 10 111 31 45 86 83 54 102 132 3 91 39 82 124 57 114 69 85 15 88 110 
31
79 45 10 43 82 130 46 102 147 24 141 126 77 139 125 128 131 135 108 99 28 61 136 36 9 25 113 60 3 71 76 
26
81 25 47 88 58 136 131 70 44 117 90 10 6 127 149 79 57 93 141 29 100 11 113 46 148 140 
38
13 54 24 11 103 33 4 99 61 67 78 93 18 129 45 82 140 128 53 83 108 36 20 22 19 105 10 49 79 58 3 98 43 66 130 2 37 46 
32
10 82 120 122 74 109 32 144 107 93 65 148 17 0 42 55 108 35 64 61 95 86 36 106 75 92 14 27 53 129 142 103 
34
132 122 12 71 109 28 86 70 66 97 46 73 96 147 42 68 11 67 52 138 37 35 83 15 16 0 57 145 88 47 117 101 6 33 
36
136 4 43 88 71 17 117 143 64 31 139 120 93 35 37 110 48 98 40 145 26 5 118 122 95 10 97 140 53 45 86 96 102 134 70 123 