200
49 209  1216 186  279 544  1110 664  438 416  1191 134  741 802  755 756  659 67  252 486  347 724  445 660  1439 515  686 156  128 435  377 29  162 818  850 495  861 737  176 341  189 107  1475 327  1533 429  1349 61  1050 716  261 342  161 609  994 657  703 24  1085 193  1542 367  959 812  56 537  175 235  133 84  386 190  384 599  820 551  78 424  1176 261  1448 529  1385 695  1518 647  1197 417  886 787  1294 512  659 141  965 804  401 584  1147 184  883 744  892 786  165 720  1053 269  442 332  300 804  1520 817  145 285  730 830  560 213  155 809  590 265  1445 420  1338 61  1317 509  1450 173  1354 803  748 553  211 223  262 399  846 529  1394 157  1235 687  698 251  1252 767  187 266  65 27  538 491  928 626  1442 78  1485 213  423 761  717 684  1254 611  794 23  739 785  1152 364  304 494  924 375  291 637  201 102  1488 411  1515 247  110 470  706 27  1297 68  704 547  778 251  335 828  1021 92  224 219  454 297  1541 560  1503 430  202 735  1120 348  1303 762  666 791  1077 425  368 771  456 641  1154 744  1296 59  1515 823  818 396  605 574  1321 738  233 391  43 137  238 121  334 492  1139 547  644 486  443 313  1500 255  343 821  1018 611  1436 187  707 55  404 280  987 220  1407 188  1442 568  591 747  1172 31  278 71  853 186  566 150  382 343  719 175  1151 717  956 731  202 763  1539 471  1341 130  1446 212  288 292  355 76  1251 439  486 796  442 416  1417 151  1163 642  1106 443  1394 288  339 295  686 778  135 89  1229 820  546 693  861 386  1279 575  52 687  282 526  98 20  1046 637  1418 680  1153 441  984 24  980 167  904 601  775 814  921 772  557 192  119 685  1384 755  1254 619  467 149  553 268  783 536  971 198  492 534  1001 398  1323 647  1190 818  1036 541  1210 274  1002 551  1073 322  937 804  1023 305  55 480  1435 506  1387 452  1502 447  172 31  510 682  163 614  1121 515  1363 538  
21
103 117 7 183 98 84 134 145 188 17 144 140 124 91 135 62 69 86 120 71 26 
25
53 170 117 89 60 161 77 57 178 121 78 129 127 92 7 93 74 119 70 32 168 103 199 151 108 
20
32 87 92 94 121 81 23 59 52 12 136 177 6 183 62 82 86 159 131 105 
14
49 101 150 162 115 17 183 138 99 116 135 128 81 89 
26
33 76 154 165 107 104 115 71 194 40 157 6 48 88 37 31 95 141 56 49 156 105 149 73 69 111 
18
51 175 150 56 110 177 88 112 117 126 45 58 125 101 144 30 194 9 
19
176 166 155 89 150 4 79 156 2 169 104 192 20 173 23 49 134 94 199 
22
59 141 0 199 12 150 166 74 139 194 109 72 123 87 1 119 190 145 81 98 15 90 
17
177 60 124 29 157 90 14 46 12 183 156 111 37 48 144 133 84 
21
158 10 125 84 16 59 98 80 135 48 134 39 87 106 88 185 104 130 5 180 194 
18
9 181 69 139 16 138 40 120 66 27 103 37 110 107 84 127 172 177 
16
42 177 32 104 119 149 29 101 55 127 134 52 116 51 69 81 
21
149 95 7 54 129 2 183 116 67 53 186 8 102 167 66 184 55 91 132 97 170 
14
54 145 178 85 146 95 89 50 108 30 139 182 82 187 
23
49 66 190 24 8 27 73 83 68 39 97 61 116 122 128 44 131 54 173 162 118 140 89 
14
150 19 106 56 51 61 58 18 98 44 149 124 84 7 
17
62 137 9 10 29 127 117 17 160 85 84 48 164 118 190 156 42 
26
157 35 39 179 199 91 171 98 124 77 54 87 82 3 31 69 16 51 165 0 66 75 84 103 56 61 
27
79 28 147 168 26 31 176 58 15 144 161 93 38 148 53 43 54 164 175 75 47 117 92 167 113 190 48 
17
15 93 193 60 90 197 73 131 110 176 140 35 33 135 71 154 43 
15
109 121 115 141 97 155 83 29 129 6 189 159 196 76 62 
22
60 136 78 51 176 126 77 149 133 73 96 81 192 172 41 108 100 33 82 93 186 175 
12
154 63 23 183 90 189 49 52 103 30 166 61 
25
142 171 42 182 22 70 29 131 2 26 155 115 109 88 169 71 116 185 98 40 187 6 94 151 157 
20
54 55 42 108 14 94 126 86 130 90 169 128 194 198 105 81 193 113 57 122 
16
80 156 79 111 161 127 113 148 197 61 191 149 102 157 180 30 
24
72 127 53 160 126 18 31 46 23 180 88 157 58 38 62 144 124 119 111 69 171 100 0 159 
15
80 50 69 198 34 104 108 106 71 14 99 10 87 152 36 
18
18 155 67 64 119 178 151 167 146 120 57 104 157 62 54 133 65 55 
18
196 130 38 11 8 23 198 156 16 113 95 160 110 163 195 20 72 91 
21
82 40 37 177 142 70 173 151 116 22 175 36 55 5 25 13 66 117 180 38 49 
18
140 74 84 91 18 26 139 61 117 17 147 4 194 187 174 110 59 95 
20
71 111 2 171 142 11 118 113 48 180 66 47 151 168 146 177 1 137 117 191 
18
64 4 109 172 35 147 168 154 146 108 21 19 96 183 179 71 144 124 
17
166 65 111 120 27 100 47 167 61 40 171 159 69 38 93 96 180 
15
17 157 187 58 124 166 33 109 48 190 173 81 19 60 107 
13
192 92 49 84 50 170 95 167 99 30 27 141 124 
25
148 156 67 57 134 30 137 124 196 71 183 158 4 171 113 78 10 60 8 147 161 176 146 87 157 
17
91 29 96 193 55 26 18 188 65 148 130 34 59 108 69 129 30 
31
84 169 174 72 135 17 112 167 119 124 92 195 189 14 133 139 168 156 95 186 96 138 172 9 165 42 106 192 145 44 157 
24
84 76 57 151 97 30 89 141 4 10 189 199 85 115 34 95 47 96 78 183 23 140 80 73 
16
139 118 57 145 103 21 122 152 58 174 74 184 73 130 90 70 
21
172 158 11 139 198 106 63 113 184 24 23 82 56 170 74 91 148 39 127 76 16 
18
171 94 162 181 145 185 112 143 106 150 199 77 58 18 82 155 19 190 
16
68 122 46 175 85 154 50 92 15 179 113 144 14 128 39 65 
17
112 70 60 153 174 94 84 83 113 5 99 47 155 181 188 59 74 
21
146 199 156 185 94 89 44 188 170 173 26 8 128 58 50 116 171 47 98 118 174 
22
175 161 194 188 32 107 34 126 46 45 50 131 40 18 151 104 167 99 155 123 135 68 
25
94 74 172 32 173 102 97 35 4 137 58 16 9 64 126 78 8 76 153 163 59 191 165 18 89 
19
55 14 3 36 131 22 78 58 197 166 96 4 172 111 6 95 185 113 30 
24
116 146 36 27 51 56 157 106 46 44 134 97 13 47 132 75 98 199 68 183 129 80 178 143 
21
146 5 21 50 15 59 172 17 88 11 184 65 107 92 77 160 62 87 100 175 195 
17
53 109 150 2 157 180 22 120 103 11 90 151 193 71 106 142 161 
22
193 71 1 52 91 26 94 106 87 73 100 64 12 18 179 70 75 148 84 185 97 54 
30
84 24 82 13 191 126 175 115 69 12 17 128 86 88 18 137 96 28 185 14 108 163 71 149 140 166 151 53 147 132 
16
24 49 143 101 105 11 175 99 38 139 86 30 12 130 28 140 
21
150 109 5 67 193 42 50 15 73 173 165 156 76 4 157 172 17 134 77 81 151 
20
135 108 119 40 190 37 41 1 144 62 89 64 78 28 61 124 178 76 24 156 
25
135 136 117 177 190 35 18 46 15 49 26 5 43 41 48 67 81 158 77 163 168 181 71 66 98 
26
131 123 7 182 122 75 99 130 160 71 86 2 106 102 51 9 156 45 134 175 31 38 167 48 127 73 
24
157 94 21 1 100 145 8 45 19 175 194 135 191 90 37 35 163 124 120 63 73 107 89 62 
17
109 181 31 163 15 192 25 172 14 123 34 57 169 22 78 97 17 
17
72 16 57 198 184 129 2 26 28 66 0 85 20 165 51 60 128 
15
42 22 191 82 151 194 195 94 139 198 149 93 60 182 137 
24
71 160 119 33 127 145 101 159 77 69 28 53 57 123 131 196 136 189 48 150 161 84 125 173 
18
78 34 160 83 106 133 186 38 170 99 90 51 28 163 93 44 136 193 
16
14 32 78 10 194 12 112 17 90 62 73 108 123 58 30 72 
24
142 159 37 127 81 56 111 28 153 79 133 12 58 140 199 190 74 170 196 101 173 191 178 177 
16
192 44 134 119 199 154 100 14 88 111 120 198 50 47 77 69 
21
114 135 27 10 54 110 64 130 144 17 98 75 34 0 26 11 38 120 190 4 68 
19
147 45 89 23 129 30 105 196 179 199 157 53 94 1 159 143 78 151 41 
29
53 163 64 32 114 161 186 59 88 4 170 37 27 127 149 80 102 105 117 189 19 23 178 54 58 33 52 77 0 
15
39 26 62 99 173 7 147 111 119 83 29 127 144 66 98 
26
171 135 53 21 56 198 19 14 121 94 114 168 166 139 75 41 112 66 143 4 60 59 185 162 40 154 
16
172 132 140 48 31 7 41 1 187 42 197 67 96 147 177 45 
22
59 76 164 103 161 84 90 83 153 118 91 146 17 73 69 50 18 80 53 136 189 139 
14
157 4 40 75 118 137 163 156 56 57 48 20 101 42 
23
110 181 1 84 151 21 64 180 136 17 141 43 178 96 195 95 162 58 134 56 51 71 68 
21
119 65 21 83 1 126 49 160 66 57 164 95 37 124 48 40 93 190 70 61 144 
17
163 18 130 25 171 182 191 67 6 89 82 186 167 148 135 99 194 
27
139 185 27 149 25 190 88 92 91 155 174 9 194 173 71 160 99 86 75 178 157 50 152 40 84 199 108 
18
110 67 143 179 193 2 21 190 35 100 161 7 58 3 24 56 11 172 
21
54 30 139 42 17 63 89 133 2 117 188 21 43 183 130 79 160 181 195 97 13 
21
147 84 78 144 161 45 65 85 14 75 20 159 89 154 72 97 118 137 195 96 104 
34
193 39 54 110 176 90 40 36 138 169 83 77 31 0 9 94 177 45 185 75 164 136 104 16 165 17 194 10 64 53 15 137 8 80 
20
163 123 97 107 168 13 83 106 44 160 105 16 40 189 122 95 62 113 170 149 
20
142 87 173 179 140 119 59 24 169 54 2 92 198 80 123 55 174 0 162 187 
24
2 94 102 175 86 97 188 53 95 197 17 7 27 101 161 9 139 157 111 51 37 105 142 184 
25
94 116 80 71 133 5 195 190 159 26 173 23 4 68 54 51 130 141 160 135 142 9 103 189 123 
25
1 164 114 46 70 40 152 6 109 57 82 126 161 13 193 83 172 178 79 99 3 60 198 14 48 
23
84 151 109 91 22 139 8 19 24 169 75 52 60 95 166 66 65 100 183 96 97 41 7 
19
160 38 162 53 17 80 180 31 90 189 124 147 75 141 0 42 12 29 131 
18
36 98 110 2 80 171 39 1 86 44 100 51 194 130 18 106 115 158 
19
199 19 163 129 18 95 1 108 145 105 78 63 34 159 21 94 65 166 180 
32
60 88 48 43 87 111 2 46 53 106 84 127 149 198 24 159 151 195 45 192 144 129 113 73 96 141 63 70 93 6 23 161 
27
12 181 130 36 152 87 126 13 29 93 39 196 78 106 90 4 77 158 127 176 40 85 99 197 49 31 103 
19
193 165 168 38 21 94 190 77 39 54 49 33 40 34 74 128 83 90 158 
23
151 112 184 109 87 157 40 85 110 170 48 14 20 138 174 50 83 114 82 12 90 53 61 
25
92 150 189 138 0 107 17 195 176 9 69 15 46 187 132 50 23 117 151 183 58 103 120 7 72 
24
72 59 168 111 103 175 132 55 27 3 166 45 139 80 187 101 65 36 89 47 79 95 163 135 
18
116 60 179 102 68 53 34 112 21 81 92 140 90 161 51 26 144 191 
20
3 64 11 55 126 190 113 133 122 191 166 87 99 152 5 112 132 196 67 76 
19
170 131 87 122 100 48 130 59 190 25 183 12 71 105 140 106 199 193 111 
20
158 0 155 148 99 75 119 41 52 10 130 22 113 17 173 88 1 98 145 95 
18
153 11 4 131 142 27 139 162 84 28 6 126 175 47 9 83 181 143 
12
179 194 55 70 85 102 71 24 93 4 2 87 
24
42 115 15 131 94 53 183 59 50 145 27 43 85 154 95 65 102 191 9 39 190 52 92 116 
18
142 4 175 98 144 85 47 184 155 10 199 181 51 35 168 153 60 147 
21
179 164 189 57 24 27 156 33 21 170 181 93 132 54 66 13 148 38 152 80 1 
19
56 155 20 61 52 97 174 195 125 138 33 90 7 23 89 35 197 132 129 
18
84 77 184 81 145 92 69 97 5 125 29 19 10 121 31 152 120 122 
25
32 173 94 25 67 99 34 132 122 191 116 72 179 68 177 136 176 8 26 49 87 128 102 4 150 
17
132 45 97 39 43 196 5 100 115 134 129 66 198 154 123 101 73 
25
42 125 32 189 25 159 181 101 45 29 94 37 137 44 170 103 151 162 85 24 157 177 18 133 49 
12
187 69 71 89 195 177 136 131 73 97 149 175 
16
106 54 4 149 3 170 23 173 20 116 112 40 134 199 186 92 
22
88 100 50 133 149 12 190 111 119 46 142 180 11 155 3 115 14 30 23 129 118 106 
25
1 131 125 133 58 0 190 132 191 177 31 16 141 5 82 168 71 124 98 120 18 30 179 32 171 
19
41 129 180 32 179 175 76 162 181 167 149 157 75 46 83 16 14 148 116 
18
64 78 11 57 86 68 39 28 185 103 116 72 7 26 1 129 186 132 
17
124 34 52 196 10 161 68 28 162 60 117 153 0 185 69 98 110 
16
146 20 131 1 2 140 73 133 188 110 199 135 171 123 180 190 
17
59 191 44 102 139 111 41 101 145 14 85 126 24 171 131 144 110 
20
59 85 171 178 157 7 64 61 139 127 86 112 145 172 66 47 121 154 190 88 
28
193 146 120 153 8 37 17 35 39 91 170 143 197 187 78 26 0 117 60 173 15 57 177 145 36 181 144 33 
11
117 113 137 109 9 110 5 193 172 64 199 
20
130 54 21 26 166 101 78 95 24 47 89 5 149 48 104 172 122 160 148 190 
25
64 26 153 67 171 192 25 94 11 16 1 71 129 138 123 95 152 140 72 10 173 42 59 139 157 
14
142 134 168 164 54 46 24 145 3 14 44 96 111 62 
24
118 156 164 195 12 70 1 161 93 94 62 159 127 157 176 112 20 196 119 109 116 50 185 38 
25
29 167 126 79 59 95 155 69 178 102 139 24 183 103 170 88 82 38 159 41 92 55 181 9 188 
30
117 59 187 197 102 49 106 104 152 121 23 133 174 114 64 148 149 195 19 178 151 186 47 164 14 2 162 189 122 91 
23
74 154 112 117 111 196 99 153 109 98 137 50 108 101 183 191 119 177 12 187 173 145 54 
20
117 195 150 21 116 88 192 131 67 82 39 101 121 65 161 163 28 173 8 113 
14
68 37 128 0 11 50 9 115 135 112 59 77 56 6 
22
39 58 57 73 69 154 158 143 9 60 3 134 19 0 88 121 79 193 99 47 169 176 
18
58 21 137 193 77 2 198 114 64 84 191 111 165 194 75 149 196 65 
22
16 186 125 136 37 155 76 187 191 169 176 48 113 179 54 132 166 83 63 84 32 173 
14
172 84 98 109 142 146 10 3 162 127 97 39 174 186 
29
42 80 41 171 10 82 122 191 7 90 31 130 184 39 104 180 123 99 63 55 73 197 153 87 13 75 173 176 127 
16
74 31 86 169 121 186 19 0 67 102 127 100 54 40 55 14 
12
7 151 40 77 157 117 20 94 91 4 88 36 
20
154 23 86 67 128 107 32 138 155 30 104 116 146 198 193 88 199 187 52 87 
15
183 144 55 81 135 197 43 152 124 158 73 70 186 104 50 
21
143 168 107 83 57 69 94 18 26 0 44 5 153 8 72 124 167 122 33 78 100 
22
158 110 64 60 13 43 186 41 106 0 154 7 122 128 93 189 123 190 124 39 103 132 
15
124 51 172 46 121 50 138 13 33 28 142 75 32 154 37 
16
18 83 70 195 179 72 33 31 91 159 153 37 74 151 107 54 
17
185 37 170 103 25 131 165 18 38 42 156 79 108 53 184 118 126 
25
80 12 11 195 167 187 21 115 175 116 94 118 131 71 25 170 126 185 15 114 63 54 4 136 85 
17
5 15 56 133 3 98 7 52 6 184 169 43 183 64 179 172 111 
27
90 97 175 40 77 141 165 94 28 63 30 183 32 152 131 174 47 113 191 52 98 54 70 147 23 56 1 
13
163 131 89 95 143 41 151 101 27 127 110 80 108 
20
124 104 127 167 45 67 181 166 132 75 155 147 175 144 139 120 48 171 107 154 
21
132 142 22 159 4 135 68 157 169 33 145 106 44 177 83 112 146 19 123 153 73 
21
109 103 6 191 28 137 80 130 142 23 161 20 116 156 45 153 107 177 43 47 186 
20
129 25 46 158 37 160 29 6 108 76 39 155 56 180 8 59 148 4 16 57 
31
170 60 192 17 76 179 184 35 97 50 154 52 4 8 141 123 26 118 129 25 56 70 28 80 87 113 23 164 37 39 127 
18
42 103 9 145 194 156 162 160 183 135 37 143 95 58 176 191 96 92 
20
192 67 154 64 194 113 94 164 88 129 165 83 2 147 34 70 130 20 93 26 
19
64 91 59 26 158 156 78 65 193 85 29 16 80 88 82 126 51 177 185 
23
47 1 71 25 83 129 75 194 155 18 120 89 199 168 81 87 165 133 64 100 37 52 94 
16
91 43 158 3 118 138 104 175 77 120 113 14 86 131 185 73 
18
71 79 152 85 93 186 76 61 191 29 60 133 58 171 54 99 65 48 
17
108 129 89 75 173 128 178 159 84 78 18 16 165 131 171 197 157 
15
96 4 151 187 56 159 148 17 164 161 136 39 84 62 48 
17
6 34 126 7 153 35 188 99 176 101 90 73 49 137 54 22 93 
16
130 179 153 149 198 39 118 28 34 36 12 79 47 59 144 18 
16
18 144 96 191 99 128 85 33 39 161 117 73 32 58 1 107 
15
39 84 140 154 150 86 195 6 137 90 24 23 170 61 135 
25
1 157 180 188 102 148 36 46 42 115 71 97 124 149 130 190 108 65 169 172 113 67 85 189 12 
24
23 73 43 32 139 127 17 79 193 92 123 176 46 37 195 34 163 164 26 153 121 122 190 117 
23
146 74 42 138 48 33 196 21 51 61 89 39 56 125 170 49 197 123 184 126 150 10 81 
26
111 186 86 48 46 164 56 72 115 88 30 35 80 196 14 124 103 6 179 127 133 64 132 67 137 139 
13
39 109 80 45 131 187 41 97 151 138 86 31 46 
23
5 47 87 151 54 107 118 149 55 99 60 44 197 162 30 187 104 18 153 59 114 51 21 
19
84 183 6 190 21 98 171 18 137 166 111 129 19 95 192 37 158 139 135 
21
11 8 58 114 30 5 84 2 117 182 111 154 155 32 124 74 132 10 113 160 67 
17
199 1 130 28 13 164 123 179 189 77 131 89 80 71 57 50 67 
21
196 108 105 167 157 100 86 17 118 81 147 178 111 53 137 70 44 150 33 173 117 
16
170 118 91 32 77 26 52 116 139 25 156 30 121 9 93 34 
17
77 43 10 95 61 153 113 118 189 45 108 107 58 82 130 124 104 
8
59 187 23 79 177 63 13 198 
22
176 143 0 22 158 106 12 130 37 2 3 151 102 150 8 82 33 40 90 132 50 98 
14
110 42 97 157 150 139 62 41 107 12 51 172 148 87 
18
80 148 46 43 119 84 196 149 54 23 9 120 129 49 73 53 162 160 
19
137 173 71 145 163 140 12 65 39 191 131 189 79 119 115 143 155 21 138 
19
131 114 182 35 149 137 165 174 124 98 99 74 175 31 23 132 142 86 13 
12
170 46 87 190 47 166 0 38 82 121 45 130 
20
108 98 113 22 91 196 39 181 178 40 64 85 71 186 145 20 75 131 170 88 
28
14 176 57 117 80 58 188 101 88 102 116 81 35 96 170 7 67 78 145 106 16 171 69 123 126 43 18 121 
24
54 122 168 155 139 63 79 111 137 117 163 25 136 60 101 186 106 151 132 158 48 32 67 100 
12
157 36 68 159 127 133 94 21 61 6 176 39 
21
53 124 84 196 96 56 19 81 171 136 38 160 89 125 142 24 52 135 102 198 65 
19
158 105 47 159 4 7 161 80 60 24 63 31 66 136 84 92 5 79 9 
19
133 149 129 109 114 147 98 88 94 39 169 131 29 77 63 171 83 82 51 
19
193 179 29 112 172 37 132 189 120 64 95 70 185 129 173 20 101 136 67 
14
131 25 87 143 19 109 124 175 49 139 74 172 95 164 
17
42 27 167 29 94 73 136 62 68 24 86 142 63 112 182 193 89 
21
46 93 178 7 17 68 161 43 40 67 70 115 50 121 107 102 142 1 6 80 125 
