210
880 571  1410 516  644 344  396 351  341 784  626 668  155 634  873 264  616 407  1334 585  638 492  116 231  444 51  114 501  968 225  1300 617  513 665  1502 353  134 677  989 130  231 581  768 629  1526 522  1240 267  821 677  978 519  1210 733  27 693  22 453  715 152  771 789  639 545  777 461  981 94  1475 492  1508 563  58 770  555 432  1199 464  250 351  889 779  30 312  631 214  147 682  666 190  1398 673  1147 201  44 684  1175 364  1196 90  107 718  1059 229  276 622  87 655  426 373  1113 199  691 449  74 453  1116 364  742 817  1250 149  742 472  190 703  1134 42  654 778  183 507  382 670  264 720  1310 343  515 128  827 600  974 534  1208 495  1434 756  1127 664  893 597  423 820  865 198  207 618  255 642  258 244  702 399  288 678  1318 53  957 76  693 722  685 568  1012 645  1250 227  692 347  188 566  273 31  315 586  1210 345  1136 376  299 293  50 280  285 223  1033 52  761 83  1345 731  338 188  811 27  79 165  687 777  831 274  1013 809  1299 664  1444 713  359 669  478 631  1473 139  996 686  47 501  192 121  1014 319  970 159  510 606  70 522  970 247  1003 503  329 655  1302 66  951 306  1068 807  1299 636  1267 586  102 265  1119 727  86 690  527 171  854 67  894 58  1413 808  477 572  230 72  105 332  1005 458  1231 717  1349 139  1104 153  229 52  514 570  70 357  1220 524  1407 680  831 72  64 766  606 116  576 368  431 781  1315 48  1297 382  942 722  607 226  809 667  1118 66  246 726  1001 767  138 572  256 213  558 72  925 683  1387 418  392 465  609 549  577 238  577 350  1197 37  35 691  999 563  586 309  892 766  912 212  497 143  23 180  301 113  1501 81  924 398  633 390  1027 281  494 578  862 412  1183 472  1010 647  1336 633  593 801  1290 669  299 84  463 359  1257 449  736 456  1160 294  302 781  875 817  118 248  786 641  1042 626  1043 329  1401 596  1335 333  528 806  155 452  1216 672  1104 473  1448 654  1525 688  707 483  1494 339  824 178  
18
56 106 113 5 53 79 50 114 163 71 36 88 116 70 187 180 146 96 
17
178 41 78 15 68 88 97 198 207 92 40 124 188 128 89 169 69 
21
124 151 58 121 104 17 196 98 155 113 154 134 96 186 156 160 6 144 81 8 100 
20
8 78 53 121 88 190 61 93 33 153 193 205 119 130 58 23 151 85 154 91 
22
133 45 102 34 109 51 150 168 172 116 97 75 58 70 107 22 119 23 56 59 196 148 
14
125 18 203 171 74 144 0 126 164 9 60 96 26 6 
27
142 130 88 129 162 15 67 74 166 114 109 135 51 2 186 53 39 168 189 55 60 79 80 32 103 45 5 
23
153 22 33 60 119 43 122 56 136 104 141 100 190 181 167 15 113 177 198 49 149 169 205 
23
92 3 179 132 161 209 141 35 25 130 93 85 91 165 152 59 2 43 129 18 112 12 65 
16
111 170 45 196 200 146 113 5 43 156 29 59 76 151 144 134 
21
20 57 108 66 193 77 68 156 29 152 137 136 188 123 197 121 23 84 130 187 139 
16
87 201 103 37 148 115 59 90 156 104 125 138 123 136 16 26 
26
92 184 89 26 59 78 206 124 192 100 41 49 135 170 164 21 39 95 65 54 55 141 161 201 8 61 
22
43 105 72 196 27 158 145 168 98 48 95 189 169 124 75 40 165 119 71 164 193 116 
18
164 173 73 109 184 40 62 185 71 44 47 45 76 18 58 172 95 84 
23
117 149 40 28 204 78 94 67 6 108 1 54 118 46 140 62 87 137 7 80 186 17 104 
18
179 144 114 113 160 41 84 125 62 33 43 63 200 127 21 11 198 106 
19
36 2 130 199 93 186 159 32 81 133 162 56 37 78 107 15 73 175 101 
20
127 21 5 68 201 23 177 160 86 183 148 25 14 114 165 134 79 100 8 144 
25
127 110 150 151 120 168 175 133 31 118 112 32 99 176 209 157 85 156 180 30 171 195 23 189 114 
21
158 10 45 175 136 62 186 22 149 112 143 105 134 104 135 168 132 51 151 146 152 
20
174 18 141 124 196 167 181 51 25 151 12 100 117 68 74 23 16 99 126 143 
20
158 120 183 160 7 20 85 36 151 149 138 4 200 94 58 98 157 69 41 112 
32
96 152 149 63 69 151 121 18 41 74 44 57 72 122 167 39 61 35 104 107 4 188 3 46 157 21 10 137 54 169 19 148 
23
112 105 51 128 208 123 57 176 90 135 165 25 157 114 67 159 63 175 201 60 86 82 161 
13
8 126 164 169 140 69 21 24 122 18 185 123 156 
21
12 87 191 181 91 115 207 164 188 76 5 165 41 68 103 45 101 119 186 152 11 
20
104 129 138 172 113 189 164 28 196 121 13 141 81 96 43 145 171 130 30 57 
21
184 109 15 51 154 27 78 48 159 31 56 164 89 203 187 202 70 146 52 152 101 
20
65 160 158 40 149 97 110 76 139 179 10 80 71 9 106 197 127 57 191 190 
20
111 166 46 197 65 183 177 134 121 31 113 140 41 85 120 117 27 105 19 96 
26
102 48 38 71 162 58 156 55 35 61 138 19 113 106 155 33 28 207 40 30 86 124 161 89 68 97 
15
158 99 136 168 180 58 17 206 66 19 75 179 43 6 69 
19
114 7 48 108 197 88 158 31 3 16 66 37 95 90 67 152 131 190 144 
17
111 179 77 158 184 4 81 67 118 83 194 190 189 109 97 119 72 
18
8 98 31 152 88 77 60 161 145 23 141 172 101 79 104 146 155 191 
12
54 17 103 157 119 22 0 85 159 147 80 176 
26
129 167 137 114 53 64 197 209 11 90 140 96 124 82 154 139 79 33 66 83 38 188 17 103 164 178 
13
31 118 113 207 68 173 46 50 73 126 37 208 91 
18
125 194 180 181 76 124 99 131 185 175 23 12 80 6 115 183 134 171 
19
15 139 29 153 14 86 31 152 151 128 1 82 100 76 204 79 13 105 144 
25
63 169 168 111 16 1 12 23 184 140 149 204 163 200 162 104 58 30 182 127 49 26 78 22 45 
13
190 163 193 114 147 205 51 47 68 181 82 60 204 
24
98 13 58 107 7 46 133 9 160 147 119 202 27 161 76 82 16 188 32 165 8 60 116 187 
16
73 117 159 205 111 72 23 76 14 147 184 103 165 58 65 191 
21
20 4 159 173 123 9 130 119 75 114 112 197 138 14 111 56 137 26 50 41 6 
17
30 116 197 85 158 162 125 43 131 15 200 38 113 64 87 23 187 
19
111 142 152 157 86 126 42 14 68 187 145 90 190 184 174 147 207 175 155 
17
31 33 174 199 100 28 49 77 13 140 66 152 114 125 188 88 64 
19
88 163 107 52 170 130 78 148 12 48 190 109 179 87 102 60 200 41 7 
18
79 196 55 163 98 194 0 89 139 38 164 51 93 74 135 45 86 174 
22
182 203 24 28 60 118 177 4 192 21 42 152 6 79 80 50 175 151 20 195 92 156 
20
208 168 164 49 130 197 54 126 117 172 105 176 108 83 28 127 87 175 153 198 
13
3 37 182 0 112 107 146 136 81 6 151 186 92 
34
163 36 106 127 107 184 183 72 168 52 142 205 173 15 192 165 135 161 189 200 74 152 195 12 77 68 203 95 132 23 103 105 177 208 
16
67 101 63 50 31 92 79 198 75 165 195 6 158 12 68 191 
22
126 0 188 204 7 97 28 131 199 62 167 108 202 45 4 89 17 173 87 203 95 197 
18
176 201 10 115 122 78 24 23 65 145 169 129 29 138 77 157 27 99 
25
171 119 31 2 156 144 88 43 60 204 32 4 71 190 196 41 22 3 14 61 44 131 123 157 83 
21
194 91 135 12 151 11 85 120 189 9 102 197 8 128 4 184 155 167 157 191 208 
28
117 98 7 156 51 35 110 120 58 164 102 95 66 5 195 63 163 49 6 186 193 181 42 43 112 161 24 133 
27
207 90 64 31 99 3 78 195 62 133 152 196 23 84 82 66 193 119 77 58 106 168 187 115 209 150 12 
21
115 116 20 157 167 14 170 66 74 111 187 61 183 16 15 56 138 105 98 202 88 
22
100 41 55 23 168 65 75 188 127 118 176 68 64 206 146 60 110 102 16 132 198 24 
15
190 61 37 175 204 63 188 174 154 46 165 156 160 163 48 
19
111 29 63 191 144 30 195 154 57 107 172 89 12 136 167 141 44 85 8 
28
129 122 89 153 185 140 10 87 62 112 180 98 32 60 33 37 61 99 126 200 206 48 166 182 115 101 102 198 
17
102 55 199 192 15 113 180 137 79 6 88 98 34 24 33 190 68 
21
121 18 106 104 1 38 63 10 131 47 42 54 128 21 55 146 26 31 171 67 117 
16
178 23 124 151 190 25 105 168 156 181 92 90 22 142 1 32 
17
109 159 90 138 72 137 4 0 112 185 28 130 160 155 93 172 145 
13
31 108 145 0 14 58 133 29 193 171 209 13 181 
24
134 110 96 104 54 85 199 70 189 13 44 171 23 75 164 125 106 166 99 79 160 180 175 34 
19
154 103 124 44 174 167 14 119 120 207 122 94 185 144 38 102 209 191 17 
19
136 115 178 5 23 6 155 62 91 54 100 50 113 21 97 193 76 80 179 
22
103 207 63 45 102 55 154 4 99 151 72 113 88 203 32 13 124 181 119 139 104 83 
24
194 142 86 39 29 124 102 195 183 131 80 44 113 84 137 43 109 14 26 145 40 9 180 74 
21
194 163 209 34 35 192 123 173 127 85 10 207 166 48 205 148 61 54 159 57 181 
24
3 134 143 118 12 15 123 57 168 1 160 49 61 88 28 191 149 131 116 130 141 41 17 153 
19
132 50 134 187 55 107 0 67 37 51 113 170 6 40 35 72 18 94 131 
24
192 181 112 156 83 152 157 76 111 149 29 39 51 36 86 153 183 15 121 6 74 105 199 104 
19
99 165 112 90 141 124 34 185 27 17 53 117 140 168 2 116 103 101 166 
14
123 167 88 197 37 140 84 205 43 61 40 42 95 24 
20
133 186 188 113 168 94 97 80 202 90 96 167 37 34 52 184 185 146 75 58 
15
141 151 16 76 82 61 135 146 178 104 176 10 173 14 185 
21
122 94 209 46 72 22 169 77 8 203 59 36 108 205 179 130 91 30 19 3 65 
20
208 94 200 76 180 40 47 116 18 124 139 88 135 89 31 98 80 50 24 198 
24
92 204 11 133 26 144 167 158 129 122 66 15 49 130 159 90 46 138 95 126 56 203 157 52 
30
187 49 6 35 58 109 3 198 82 191 202 78 67 33 1 114 197 201 86 0 205 144 102 75 99 182 192 97 48 62 
15
12 66 173 50 86 65 204 28 161 31 154 56 1 147 162 
18
190 70 61 81 37 189 120 11 24 83 69 98 87 33 47 132 95 124 
16
59 198 160 109 149 146 181 26 173 123 8 74 85 197 38 3 
25
104 12 111 8 87 190 178 55 93 136 1 161 205 69 160 126 107 53 153 97 100 108 113 51 203 
17
171 160 97 137 123 132 92 3 103 8 17 118 134 172 50 139 70 
16
134 115 99 85 86 83 15 199 95 192 143 73 203 22 171 79 
15
206 94 108 60 13 12 147 33 134 54 14 87 90 56 82 
18
108 114 23 72 111 37 166 2 27 83 5 103 186 165 0 100 30 141 
21
170 144 93 138 98 83 162 29 172 146 143 56 4 1 109 126 74 88 92 31 34 
23
111 43 35 127 60 132 97 151 50 145 162 2 67 66 13 169 86 90 22 203 186 62 106 
20
94 81 142 32 61 39 109 173 138 75 209 19 88 66 72 107 21 185 57 137 
22
153 63 172 120 192 12 48 195 159 21 194 7 74 40 121 207 2 118 96 18 92 152 
17
119 55 181 169 209 153 164 162 35 165 66 26 81 190 28 177 17 
18
119 31 67 4 205 60 76 75 88 202 63 49 59 171 73 127 149 66 
19
73 75 36 11 153 93 168 185 173 180 96 44 81 37 26 6 137 54 152 
24
112 92 153 194 27 125 174 2 72 181 68 7 169 20 41 11 23 84 135 35 75 163 15 80 
22
116 24 13 167 177 20 176 173 198 69 52 154 147 155 169 106 62 30 40 157 80 54 
22
54 116 0 68 117 168 145 121 31 162 118 169 185 72 29 61 126 105 178 98 16 139 
21
183 179 54 49 186 43 157 79 53 169 156 65 4 23 92 99 195 148 17 121 204 
18
184 96 71 143 163 10 129 123 127 15 33 95 85 171 56 52 193 92 
27
28 70 164 91 88 4 151 14 192 206 165 99 170 6 150 111 49 205 76 97 122 191 116 203 142 34 130 
14
72 19 178 114 60 29 170 63 140 181 121 118 113 160 
23
92 65 47 98 34 9 30 96 41 44 170 62 203 80 109 119 191 143 200 127 45 173 132 
21
104 154 24 81 122 80 126 53 20 45 138 66 19 130 70 142 22 60 8 187 208 
28
189 27 83 0 172 16 67 38 2 31 9 76 75 130 30 79 131 46 160 7 148 177 74 150 110 154 149 92 
25
96 33 176 37 16 110 42 0 160 208 45 122 6 88 135 141 196 24 18 134 48 180 153 19 164 
13
94 62 74 57 11 142 191 198 26 207 39 66 61 
22
187 178 148 195 105 106 46 62 86 4 150 0 78 137 109 131 156 81 202 13 43 140 
17
154 156 15 60 127 44 106 174 125 52 205 21 206 131 81 30 68 
17
78 51 38 63 19 15 93 106 135 34 125 169 199 153 100 110 174 
30
58 102 192 145 101 123 45 7 131 73 160 158 36 43 111 3 209 140 61 4 191 172 75 157 13 120 26 203 196 34 
15
22 19 100 205 188 60 90 73 59 159 193 30 157 175 119 
22
3 196 68 2 162 23 106 132 27 149 164 129 30 147 179 203 100 80 10 110 173 107 
17
66 85 150 112 145 57 7 73 114 87 184 135 141 23 25 109 203 
18
176 82 134 195 45 119 93 198 108 78 77 24 91 131 10 11 58 25 
22
73 175 2 21 12 69 39 76 81 37 173 86 180 207 169 31 1 13 75 133 135 90 
21
104 39 5 139 127 117 46 16 202 156 158 72 11 118 143 182 205 193 48 153 129 
24
179 187 56 147 25 112 5 52 47 138 204 177 66 141 38 97 92 139 106 194 21 87 170 171 
26
134 19 18 117 54 98 167 125 108 131 63 77 174 130 132 159 41 161 111 102 172 16 29 202 52 195 
16
189 131 24 146 171 40 177 196 68 59 1 168 191 186 153 152 
13
27 66 37 176 6 108 87 189 121 141 57 8 125 
25
6 200 52 45 183 158 49 17 193 8 135 127 191 206 112 113 27 85 87 3 78 70 10 109 153 
26
128 149 119 127 152 46 132 150 76 39 56 68 78 113 117 123 162 174 116 172 135 33 187 58 147 79 
24
8 142 79 202 167 98 180 93 121 131 145 127 153 187 20 63 54 111 90 198 137 182 188 201 
19
184 83 4 87 164 187 43 19 61 71 17 152 183 200 158 162 124 209 60 
23
78 72 94 127 79 123 199 206 156 137 93 198 2 20 30 187 175 95 39 114 18 147 9 
22
176 155 59 137 12 54 130 168 114 6 24 122 86 118 20 84 50 104 131 162 140 124 
16
194 74 20 208 32 192 7 92 184 153 53 10 191 11 65 139 
21
37 93 135 206 144 67 134 70 190 199 169 76 15 10 116 45 151 23 103 132 99 
21
27 144 70 97 165 175 31 99 126 112 203 185 22 45 11 151 62 87 57 166 170 
23
163 182 193 125 153 40 209 142 165 29 86 178 37 174 175 50 200 126 75 93 136 10 106 
18
176 141 66 25 41 37 15 82 48 30 119 186 170 81 110 135 116 142 
27
8 84 197 21 192 195 140 167 81 27 122 129 7 114 207 35 126 206 78 181 12 196 65 96 148 187 170 
21
132 207 164 6 99 47 198 76 54 192 186 115 139 168 162 177 163 112 69 109 140 
12
78 108 97 20 155 158 191 94 125 111 146 21 
21
16 138 97 87 152 58 209 5 137 159 65 88 206 2 73 202 182 9 40 18 33 
15
119 71 122 106 98 174 35 132 13 57 27 47 76 164 70 
23
147 91 97 128 9 161 53 208 63 84 149 179 195 68 28 143 0 35 188 20 154 83 178 
18
126 146 171 42 150 43 105 44 36 121 170 95 173 153 89 134 47 131 
15
116 155 11 165 49 197 18 150 181 77 113 107 141 23 4 
23
15 202 162 23 91 131 159 29 20 174 41 150 121 206 22 78 80 146 209 102 7 113 166 
17
122 188 190 19 162 4 207 149 131 198 147 109 116 148 159 113 61 
24
2 173 19 23 98 69 109 84 59 181 171 22 75 21 40 177 53 138 9 3 137 51 197 20 
30
23 35 144 47 131 199 178 80 61 51 193 40 10 54 8 177 133 48 187 208 33 164 196 153 26 128 103 100 28 20 
29
104 171 100 176 7 181 66 139 40 186 103 3 136 132 180 101 80 147 118 152 114 92 128 78 125 174 177 52 130 
18
112 180 117 73 28 2 75 65 37 105 164 64 192 89 204 113 3 146 
17
135 148 206 2 197 143 74 31 186 105 203 191 70 59 35 196 47 
25
117 189 157 31 58 60 80 134 165 206 9 107 174 2 125 69 10 11 207 64 161 116 19 25 51 
20
194 156 47 62 36 107 171 80 24 163 22 19 120 23 119 105 59 57 87 58 
26
180 205 22 208 206 20 32 29 34 130 188 46 119 170 87 13 33 143 125 179 184 197 55 195 133 199 
19
70 45 149 44 144 202 28 17 100 206 191 120 127 36 150 87 189 24 77 
24
22 91 198 93 29 200 16 184 119 78 114 18 43 180 165 2 92 113 204 70 64 72 171 110 
21
8 191 180 200 35 192 54 184 208 146 43 92 31 89 127 172 156 206 12 60 24 
24
183 203 149 209 31 167 150 6 121 97 98 142 46 106 41 17 131 101 135 89 204 166 133 185 
19
42 139 54 49 77 167 50 108 0 188 186 41 142 60 166 157 64 184 104 
26
142 14 109 207 52 186 133 27 25 166 60 12 5 121 165 26 72 154 28 50 101 152 145 13 37 114 
26
81 185 138 148 156 139 109 54 24 55 164 160 8 64 176 43 26 183 186 208 44 101 13 96 192 18 
16
30 172 164 175 6 96 77 72 163 66 162 190 200 138 81 149 
24
37 169 177 163 162 185 132 127 73 188 105 82 141 87 62 192 21 23 83 56 7 179 65 59 
22
197 52 83 19 63 198 106 41 54 142 78 32 4 135 69 13 103 20 6 81 61 128 
22
167 185 41 101 25 85 104 209 107 137 106 57 124 98 186 105 13 118 199 1 7 23 
20
9 97 49 179 193 158 111 12 62 201 109 110 204 147 79 140 126 184 138 141 
22
153 58 93 177 5 157 147 72 151 128 108 27 184 102 71 94 68 39 19 179 160 126 
19
27 100 113 166 97 201 4 52 65 93 35 161 127 119 131 14 195 70 190 
23
178 151 45 14 77 54 91 38 99 124 89 105 203 103 182 147 111 176 84 121 200 180 56 
19
104 21 73 48 117 181 145 149 127 156 139 64 131 182 47 205 118 153 50 
19
124 20 19 189 193 138 64 166 139 39 134 51 120 24 52 182 72 47 17 
18
153 135 123 57 140 129 114 205 63 190 105 24 52 19 165 84 173 36 
18
167 171 105 51 194 18 142 30 126 151 128 152 7 113 188 153 54 101 
14
116 1 69 173 74 110 92 152 139 191 84 106 37 146 
18
8 126 16 107 34 170 197 29 158 85 49 32 121 146 167 192 171 74 
22
154 158 181 161 39 204 132 67 32 86 124 206 66 160 153 103 0 76 19 114 173 72 
23
153 180 80 104 26 101 39 91 174 21 151 185 204 69 148 7 110 141 42 75 60 77 71 
14
139 51 53 198 41 173 125 66 174 144 88 183 132 175 
16
22 107 162 54 130 30 76 18 62 206 209 80 133 39 165 182 
23
12 108 28 133 54 34 160 192 41 14 122 161 136 158 171 200 44 83 59 47 163 193 170 
21
165 169 199 167 66 188 14 81 39 181 138 103 106 73 70 84 83 25 99 162 194 
22
83 107 164 20 142 153 17 189 163 155 2 169 6 53 140 60 165 96 98 15 128 26 
21
126 88 116 79 133 62 201 132 134 47 0 28 46 152 196 10 61 131 112 43 141 
24
150 83 56 167 120 185 63 158 206 163 207 64 26 43 193 1 10 201 23 37 146 177 48 132 
19
156 128 113 194 27 175 72 90 202 129 186 54 59 13 6 159 34 192 19 
23
92 64 42 90 150 202 207 3 69 176 137 49 58 7 34 67 47 33 166 101 172 29 198 
25
161 26 88 115 65 193 130 159 143 78 178 192 111 119 109 155 136 55 29 204 128 73 59 35 44 
22
119 80 141 67 100 136 12 77 142 184 167 109 161 51 54 94 191 154 88 165 179 189 
19
139 175 170 42 130 10 191 3 152 120 188 61 108 71 60 74 125 13 184 
15
104 59 136 76 77 157 207 39 189 177 50 100 34 126 185 
19
116 123 141 199 100 76 61 65 60 54 55 158 146 107 172 51 200 19 127 
20
121 50 2 21 200 198 27 9 13 61 199 114 58 128 187 4 152 141 155 119 
23
141 168 46 37 30 52 179 203 82 155 33 148 88 45 204 158 59 29 10 91 151 56 200 
23
91 160 142 123 168 88 196 202 115 55 150 134 105 1 182 7 63 132 16 66 190 52 86 
16
67 185 134 72 195 94 48 152 17 137 56 196 118 169 158 80 
23
130 86 160 161 196 9 46 201 41 54 204 66 22 184 111 16 139 49 133 166 173 195 197 
15
57 204 11 205 18 172 170 88 200 209 187 188 24 12 132 
17
132 149 190 198 88 189 159 83 125 43 102 144 56 28 116 127 62 
22
162 51 5 197 85 111 173 138 75 28 94 54 155 121 122 109 98 209 56 119 87 92 
21
87 201 15 180 56 58 64 41 126 181 170 197 89 200 160 40 154 162 191 42 107 
19
158 201 176 120 44 102 54 42 3 85 92 82 117 88 109 77 125 174 7 
21
158 95 12 137 134 155 109 156 188 149 180 159 130 183 32 63 144 117 66 141 161 
20
142 61 194 164 75 190 38 150 73 115 26 31 77 1 124 188 141 156 100 47 
14
158 52 86 136 24 114 161 146 38 165 152 59 112 54 
20
8 162 85 77 37 144 139 101 169 99 201 119 183 149 19 71 73 203 61 133 