62
260 652  308 34  1094 656  225 55  283 226  747 768  1076 652  288 504  1123 371  1357 322  1507 303  318 791  1408 493  968 491  562 628  230 730  639 466  306 591  1267 521  620 365  695 703  670 571  1236 549  1452 722  1044 496  1313 375  1469 678  717 138  167 179  1242 329  931 793  503 750  746 667  799 206  741 129  722 227  1264 618  284 542  757 814  912 760  1438 630  966 211  899 693  338 266  287 491  381 709  1483 517  727 659  1254 131  249 218  365 521  1086 148  886 424  1337 465  304 527  440 801  747 297  1286 132  603 74  213 335  1475 493  1113 653  

6
10 14 15 40 42 47 
8
17 19 26 27 28 36 41 54 
4
10 42 44 61 
3
8 14 59 
1
51 
4
9 13 56 57 
6
9 13 17 54 56 57 
5
19 27 30 40 54 
6
3 20 28 37 45 59 
7
5 6 13 17 32 41 57 
5
0 2 29 42 47 
1
51 
1
33 
8
5 6 9 17 32 41 54 57 
12
0 3 16 24 33 34 37 38 40 43 50 52 
7
0 18 24 40 45 55 59 
6
14 20 33 37 38 50 
9
1 6 9 13 22 25 27 31 57 
7
15 20 21 24 29 45 51 
4
1 7 30 54 
9
8 16 18 28 36 38 44 47 50 
6
18 29 33 37 45 51 
1
17 
3
36 45 51 
6
14 15 18 29 45 51 
3
17 26 27 
3
1 25 27 
5
1 7 17 25 26 
5
1 8 20 30 47 
9
10 18 21 24 35 43 45 51 52 
5
7 19 28 42 47 
1
17 
3
9 13 60 
10
12 14 16 21 34 37 38 40 43 50 
5
14 33 37 44 49 
1
29 
7
1 20 23 37 39 40 59 
11
8 14 16 21 33 34 36 40 43 45 61 
8
14 16 20 33 43 44 52 58 
2
36 57 
8
0 7 14 15 33 36 37 52 
5
1 9 13 54 57 
6
0 2 10 30 47 50 
7
14 29 33 37 38 46 53 
4
2 20 34 38 
11
8 15 18 21 23 24 29 37 50 51 59 
2
43 49 
6
0 10 20 28 30 42 
1
57 
2
34 46 
7
14 16 20 33 42 45 51 
10
4 11 18 21 23 24 29 45 50 55 
4
14 29 38 40 
2
43 61 
7
1 6 7 13 19 41 57 
2
15 51 
2
5 6 
9
5 6 9 13 17 39 41 48 54 
1
38 
5
3 8 15 36 45 
1
32 
3
2 37 53 
