34
1227 824  1237 762  102 725  1312 591  674 467  652 782  575 56  1460 306  650 45  1316 122  1251 779  221 366  266 740  917 236  931 116  1476 187  273 512  419 379  1398 664  694 109  592 40  314 164  221 781  181 223  152 385  1465 549  618 74  74 538  288 249  1182 244  1525 389  301 425  1080 113  23 142  

16
1 2 3 4 5 6 7 8 10 11 12 13 17 19 21 31 
9
0 2 3 7 13 17 19 21 30 
10
0 1 3 7 8 9 13 27 28 32 
6
0 1 2 7 12 13 
3
0 6 10 
4
0 6 10 16 
4
0 4 5 16 
4
0 1 2 3 
5
0 2 30 32 33 
2
2 33 
3
0 4 5 
1
0 
2
0 3 
5
0 1 2 3 33 
2
32 33 
2
32 33 
2
5 6 
2
0 1 
2
32 33 
3
0 1 33 
2
32 33 
2
0 1 
2
32 33 
5
25 27 29 32 33 
3
25 27 31 
3
23 24 31 
2
29 33 
4
2 23 24 33 
3
2 31 33 
4
23 26 32 33 
4
1 8 32 33 
6
0 24 25 28 32 33 
12
2 8 14 15 18 20 22 23 29 30 31 33 
17
8 9 13 14 15 18 19 20 22 23 26 27 28 29 30 31 32 
