105
444 179  1250 145  1363 702  1129 380  1270 27  613 316  1020 785  1471 215  1345 566  687 290  104 273  74 496  876 369  672 206  275 618  56 761  707 662  732 352  1065 730  556 487  708 426  154 450  1248 188  1028 374  460 413  426 283  399 542  190 584  818 370  54 400  205 44  353 799  743 691  476 187  872 29  718 752  1011 507  1485 555  585 39  338 42  760 586  152 29  272 331  1194 313  783 222  1514 806  965 605  712 117  292 136  676 177  1336 214  154 532  297 141  467 530  345 460  586 103  1090 795  563 736  1081 39  1395 825  91 598  33 115  50 50  1360 73  1268 799  499 93  121 319  1184 364  296 74  577 269  1507 598  614 65  298 424  177 369  578 149  509 603  121 498  1505 337  653 786  719 182  64 527  81 722  1006 760  284 220  1431 337  839 69  1176 403  779 616  1209 439  1343 799  1346 24  173 719  350 232  904 408  1426 809  227 362  140 488  1372 162  304 201  263 390  1336 487  976 420  155 193  1071 711  1213 637  

6
1 2 3 4 5 6 
4
0 3 5 6 
4
0 4 5 7 
23
0 1 5 8 9 10 11 12 13 14 15 16 17 18 19 20 21 22 23 24 25 26 27 
8
0 2 5 6 28 29 30 31 
7
0 1 2 3 4 6 7 
11
0 1 4 5 7 10 12 18 22 25 29 
8
2 5 6 14 30 58 71 85 
25
3 9 10 11 12 13 14 20 21 22 23 24 26 27 32 33 35 37 40 41 42 43 44 45 46 
16
3 8 11 12 14 20 24 27 41 45 47 48 49 50 51 52 
15
3 6 8 11 12 15 16 19 21 33 35 37 38 39 55 
18
3 8 9 10 12 13 14 17 20 21 22 26 27 29 45 47 50 56 
25
3 6 8 9 10 11 13 14 15 17 18 23 24 32 33 36 38 39 40 41 44 46 47 54 55 
13
3 8 11 12 17 29 32 40 42 43 44 47 57 
9
3 7 8 9 11 12 25 26 58 
5
3 10 12 16 55 
3
3 10 15 
5
3 11 12 13 47 
3
3 6 12 
5
3 10 55 56 77 
10
3 8 9 11 24 40 48 49 53 57 
5
3 8 10 11 23 
7
3 6 8 11 25 40 52 
9
3 8 12 21 27 32 33 47 54 
9
3 8 9 12 20 26 40 47 53 
5
3 6 14 22 40 
9
3 8 11 14 24 40 45 47 53 
9
3 8 9 11 23 40 41 47 54 
3
4 66 72 
4
4 6 11 13 
20
4 7 31 58 66 67 70 73 74 75 76 77 79 80 82 83 84 86 93 99 
11
4 30 49 73 74 75 76 77 78 82 91 
5
8 12 13 23 33 
9
8 10 12 23 32 37 38 39 47 
5
35 36 37 38 39 
10
8 10 34 36 37 38 39 40 43 44 
5
12 34 35 41 47 
7
8 10 33 34 35 38 47 
7
10 12 33 34 35 37 39 
8
10 12 33 34 35 38 40 42 
18
8 12 13 20 22 24 25 26 27 35 39 41 42 44 45 47 53 54 
8
8 9 12 27 36 40 47 54 
6
8 13 39 40 43 47 
5
8 13 35 42 56 
5
8 12 13 35 40 
6
8 9 11 26 40 47 
4
8 12 47 102 
18
9 11 12 13 17 23 24 26 27 33 36 37 40 41 42 45 46 54 
4
9 20 49 57 
8
9 20 31 48 57 58 72 76 
3
9 11 58 
6
9 52 58 64 65 69 
5
9 22 51 58 64 
5
20 24 26 40 76 
6
12 23 27 40 41 47 
4
10 12 15 19 
4
11 19 43 57 
5
13 20 48 49 56 
13
7 14 30 49 50 51 52 64 65 68 69 77 85 
5
60 61 62 63 99 
6
59 62 63 84 86 99 
4
59 86 95 101 
6
59 60 63 84 99 100 
4
59 60 62 99 
9
51 52 58 65 66 67 68 69 70 
7
51 58 64 67 68 69 85 
21
28 30 64 67 70 72 73 74 76 80 84 85 86 88 89 90 93 96 97 99 100 
6
30 64 65 66 103 104 
4
58 64 65 71 
5
51 58 64 65 104 
7
30 64 66 71 72 75 90 
15
7 68 70 72 73 74 75 76 77 78 79 80 81 82 83 
22
28 49 66 70 71 73 74 75 76 78 79 80 82 84 85 86 87 88 89 90 91 92 
21
30 31 66 71 72 74 75 82 83 84 86 89 92 93 94 95 96 97 98 99 100 
16
30 31 66 71 72 73 75 78 79 82 84 87 88 91 98 99 
16
30 31 70 71 72 73 74 76 77 78 79 82 83 84 91 92 
13
30 31 49 53 66 71 72 75 77 82 83 84 86 
7
19 30 31 58 71 75 76 
5
31 71 72 74 75 
8
30 71 72 74 75 84 91 100 
4
30 66 71 72 
4
71 84 86 97 
9
30 31 71 72 73 74 75 76 84 
8
30 71 73 75 76 84 87 100 
23
30 60 62 66 72 73 74 75 76 79 81 82 83 86 87 88 89 94 96 97 99 100 101 
5
7 58 65 66 72 
14
30 60 61 66 72 73 76 81 84 89 93 97 100 101 
5
72 74 83 84 98 
5
66 72 74 84 89 
6
66 72 73 84 86 88 
5
66 70 72 91 99 
8
31 72 74 75 79 90 98 100 
3
72 73 75 
7
30 66 73 86 94 99 102 
7
73 84 93 95 96 101 102 
4
61 73 94 102 
6
66 73 84 94 97 100 
6
66 73 81 84 86 96 
5
73 74 87 91 100 
12
30 59 60 62 63 66 73 74 84 90 93 100 
12
62 66 73 79 83 84 86 91 96 98 99 101 
5
61 84 86 94 100 
4
46 93 94 95 
2
67 104 
3
67 69 103 
