170 1862 1.0247902983280957 149.240280172
217 2908 1.1685913935010386 339.806258854
72 318 0.6205584112673532 5.094479124
84 341 0.46027629424439803 5.804439477
152 239 0.17429445463356777 2.967892124
106 612 0.6077124336103068 17.273725065
66 204 0.3250716635913017 2.216831764
148 285 0.2516808798669501 4.044839265
210 2540 1.0746298090482735 263.988447436
22 25 0.027060286607235903 0.076609525
100 383 0.44794961430072 6.939317895
218 1031 0.807159207760453 45.325373281
210 2193 1.0549886864849722 196.427599884
57 101 0.10907026932026925 0.626994157
179 1007 0.743482747667316 43.483450254
227 1404 0.9406285106690316 81.748612818
40 45 0.0213015728926034 0.181272346
85 207 0.20336393413427512 2.191206192
141 528 0.5236916362832191 12.422547319
69 228 0.3708090932604765 2.686475141
161 667 0.5674036146228363 19.370865837
185 2023 1.0502693131475358 169.45766366
232 1876 1.0001679884936763 142.952683111
230 1417 0.8962269059819263 83.248748183
140 569 0.5428720003226313 14.496288167
110 741 0.6898200019008811 25.2955544
28 50 0.04861873683639517 0.212606606
109 854 0.7153772691143898 33.230761091
54 149 0.21350335614572952 1.22936745
174 939 0.7447735769783795 38.056874544
180 1404 0.8257918357935858 83.244668122
131 470 0.4530069324220022 10.184790775
43 124 0.25328913156336746 0.941854264
117 571 0.6193825474018981 14.844710306
218 850 0.645879932934788 31.123068572
165 819 0.6612899731188178 29.300613337
66 309 0.5085399753296505 5.044119443
192 937 0.6677779164475084 37.863753068
188 2381 1.0690102093438019 233.430896774
227 292 0.17128777515570742 4.803614901
57 192 0.30003660454352166 2.03261784
223 3683 1.2358394209150314 539.707646585
229 2279 1.0669696803652315 210.484082312
40 45 0.03699273105378699 0.18977964
29 50 0.07075057941801853 0.19534854
30 55 0.12950953666445164 0.233781236
106 259 0.23342533077600872 3.356692322
66 69 0.023264996186888286 0.418242534
115 492 0.5147803328341788 11.164462311
131 277 0.26671834485955986 3.876832692
31 54 0.12022072795260569 0.228871644
146 1445 0.8641323682394007 90.241249845
107 668 0.6442625465639067 20.566665947
119 796 0.686245470231023 28.460814391
28 33 0.06540810261592424 0.117067566
42 42 0.007486062905673904 0.169660327
56 143 0.17383717025584755 1.154973665
34 53 0.04444241545480632 0.219298062
175 1756 0.8695957497207252 128.945563796
211 969 0.7171586373253878 39.922085308
51 70 0.0833027188739912 0.332658219
98 125 0.06009652577382649 0.995223827
45 55 0.047330420025971924 0.256587322
139 437 0.39153054546214694 8.793458808
138 1144 0.8373179743853009 57.483417696
33 67 0.0829044945710227 0.314638215
104 276 0.2670769766104306 3.710153226
107 145 0.08359199454440612 1.314387303
201 1161 0.7981537217894552 57.112222736
217 3115 1.1457754844691874 391.534252306
123 133 0.046443706061911685 1.161809864
128 698 0.6199159714107503 21.867034741
169 645 0.5327283700408507 18.407873396
63 233 0.3487857966015314 2.876942754
141 1445 0.8606754583325988 90.570010613
91 200 0.14437430522908729 2.009301789
190 1278 0.8493501934853265 68.732640807
204 2984 1.154029171917939 360.595127638
96 275 0.3671458177749566 3.608276271
179 1096 0.7926518388969028 51.1238252
48 109 0.19199278103158063 0.716269248
163 1837 0.9478504863348627 142.31047428
221 1433 0.8916441921391591 84.653568877
29 28 0.035673166736901435 0.096829698
153 836 0.7132344645748607 30.614759282
23 25 0.005790524037751434 0.073315466
214 2087 1.049855126577156 177.742376825
138 433 0.42642330687801744 8.584053186
49 167 0.35992534394526454 1.559444356
240 948 0.7391553983838233 38.589646151
113 606 0.5861789747775303 16.695431528
168 562 0.5044821468912014 14.092602063
229 2818 1.1012998318226401 316.992861574
91 509 0.5811364513283257 12.341673706
220 3142 1.1748393374453787 395.002326155
53 60 0.03681460823232436 0.283794807
104 793 0.8033126352464421 28.352675609
60 60 0.03149206419496464 0.313729057
83 363 0.5119027624493713 6.374712681
234 1927 1.0228656310682183 151.053303384
84 311 0.41491340566601675 4.776471117
220 835 0.6714439813245175 29.936101338
63 274 0.406261763531151 3.851140233
124 593 0.6659542905262497 15.856023283
56 139 0.22862984736674025 1.10127958
219 1770 1.0266846556373128 128.678720229
240 2010 1.067384658875148 163.45674247
250 382 0.3032440987871774 7.668638101
110 720 0.6692177187420227 23.926892624
25 34 0.030948546628474117 0.109849159
186 2088 1.0450961515685326 182.445936271
96 136 0.07391392694706382 1.200919208
185 903 0.7260712309471848 35.376744041
168 182 0.0747942443489647 2.4407924
153 372 0.2988961049629886 6.903940733
91 215 0.2478511367702752 2.466971111
204 779 0.6075103957335755 26.700540717
231 3794 1.24998839397117 571.569176482
117 512 0.4824499143661899 12.026587106
91 224 0.2135451968920061 2.629170968
195 1205 0.8396543661568445 61.400610752
35 70 0.14900615248808277 0.351646127
219 396 0.2901548883780894 7.663908995
214 2060 1.0048352326962449 173.148281501
71 194 0.21440687259032107 2.004418385
222 2827 1.173353238529717 320.486690876
73 105 0.07042671978302896 0.704255204
127 332 0.29161053663856706 5.236744049
127 1093 0.7801481317555514 53.201963554
233 1918 0.9803164406218873 149.414724459
236 1924 1.0541767679448708 150.822319339
217 3224 1.2307360162974716 418.600319992
149 1095 0.7561118491722509 52.162113506
105 106 0.05350672520421437 0.837604793
173 462 0.36650509435433765 9.608425261
134 973 0.7113048944084404 41.660690315
26 44 0.07752810407771885 0.153084217
36 52 0.04632115491985325 0.210142432
137 696 0.6329394355174588 21.747725602
29 41 0.04047080648150701 0.149700976
237 2502 1.1679177246880055 252.652889751
201 2074 0.9968194739941385 176.484936969
95 114 0.16903658777977612 0.915913017
92 600 0.6813445141994561 17.15233502
231 2636 1.130216114736986 279.217798607
153 1319 0.8868877638157089 74.971235375
138 530 0.46190807895997577 12.486610188
213 2647 1.1216054287594175 283.036558112
105 230 0.1730930506272337 2.606822114
175 845 0.7137418556961213 31.044349828
75 142 0.17251524443370006 1.132399733
119 964 0.7532601609571911 41.548848725
151 780 0.6466813187860051 26.662028395
217 736 0.5725452329427037 23.362176288
85 484 0.8402960402769296 11.197139604
130 208 0.1416610453208667 2.278918835
86 230 0.24915035925095225 2.720668523
239 1074 0.808131067030031 48.443588528
42 124 0.29002475780478754 0.971686592
74 221 0.3386073784796112 2.491957548
128 813 0.6545456539748377 29.430818564
77 276 0.3360380314641527 3.782568736
116 210 0.186435128953642 2.213757121
130 1140 0.7938925833514676 57.222122502
106 618 0.6186448655164986 17.638942376
236 444 0.3357376266503148 9.550357028
206 1211 0.8470407634501831 62.116160531
52 148 0.23328021796774367 1.240724311
41 62 0.024639885081935924 0.274051002
115 862 0.6929489062045078 33.642230773
107 673 0.6685444346814673 20.885597268
97 339 0.38591056696586146 5.533009779
123 462 0.47450333331936645 9.802893308
30 59 0.07982139947561127 0.278722777
250 1421 0.9148467919402719 83.26865799
226 1100 0.7832781087581395 50.788651492
128 190 0.10175396990974965 1.881243999
194 2337 1.0414837496849136 223.351080602
154 396 0.3558643962386816 7.176597034
83 328 0.4509613436996249 5.260051605
83 413 0.5226005250275887 8.209714573
250 1378 0.9102225498473449 78.355026891
33 40 0.06209431104268283 0.144152249
134 690 0.6318211214326825 20.957761865
206 2522 1.1235517304924527 258.189938185
64 267 0.38512967577133117 3.690333309
226 1058 0.8094425699913093 47.581646343
150 1240 0.7896028119285307 66.046023047
28 49 0.06864032297647096 0.197962766
71 342 0.5027946005016236 5.840108249
172 1405 0.8627934952786575 83.090281924
43 71 0.19681344864437497 0.35721538
175 1667 0.9162526136117017 116.607710746
200 679 0.5641862999651803 20.228961533
129 666 0.6020262142892503 19.734763118
208 2654 1.1296776067254544 285.703263589
189 712 0.5807095487287615 22.162894908
151 286 0.20979957603609942 3.968647337
193 1798 0.9656211957136577 133.94682508
245 4091 1.1792910517469042 661.436364814
43 48 0.01182342439983924 0.189474228
207 565 0.469726941063066 14.324954621
243 2938 1.2147084997181286 341.653779091
36 51 0.10258832353992392 0.22905213
64 125 0.10426813058549743 0.880558504
78 131 0.10256893115731369 1.030308671
81 245 0.3510578891501165 3.052776434
48 64 0.028998601934162614 0.295113092
114 636 0.6173279704596857 18.430801931
250 3378 1.2475541434926405 449.464471901
36 39 0.028608330701436493 0.173921937
241 1587 0.9894027093840116 103.402205052
130 204 0.12230880455842198 2.171853064
86 112 0.07662397721023716 0.837417582
235 3588 1.2358430751481695 509.931936696
38 92 0.13819648902761159 0.542566373
151 926 0.7377113137079924 37.397277411
121 145 0.09714478066009072 1.312301089
212 1331 0.8996107633259903 74.287135581
219 3237 1.1403374892146159 421.558539445
29 41 0.032434524721685204 0.151667927
180 851 0.6236091323004814 31.539378835
175 1818 0.9229051569998685 138.288195498
116 158 0.09625575435156516 1.435034167
74 303 0.39906623942184305 4.666862253
249 2056 1.0605503090883284 169.654256142
98 511 0.5598897297912931 12.256240505
52 173 0.465918288189258 1.649647715
29 28 0.0017784962800722784 0.082141266
176 693 0.5900567066830156 20.87409708
82 460 0.5612277711677195 10.27199487
213 999 0.7307081554172081 42.178416409
169 1188 0.7909343718751503 60.205660346
34 65 0.2084807880279706 0.309810018
52 71 0.04676152118200285 0.387079913
249 1905 1.0572379522589588 146.629376581
46 78 0.06778628374713033 0.385568071
173 1351 0.8110306860062622 76.879769671
35 39 0.03864740076830783 0.141721694
158 1602 0.8695498355180276 109.636047158
172 1061 0.7136344174658159 48.136852801
41 99 0.14529885412723653 0.61388056
228 3521 1.2074347804429317 491.715468383
75 235 0.31992829685228164 2.799002935
130 291 0.25191508308590765 4.059861775
44 52 0.06500957934793258 0.224111749
43 88 0.097763821905292 0.515277845
121 417 0.4131498876760701 7.979184575
74 382 0.5220420411908706 7.325387082
75 232 0.4425395988784267 2.743490535
