332
780 147  633 105  1105 213  903 449  1006 475  1268 357  835 153  1414 259  1477 551  81 687  1271 404  706 603  1033 371  1230 234  591 566  1220 371  486 584  367 500  1482 372  1307 622  334 382  1322 545  700 154  1073 700  1233 675  1112 357  37 821  624 628  993 259  1471 573  518 94  97 514  641 484  1354 700  217 595  521 819  329 25  275 629  1159 156  355 287  1460 542  1391 720  508 623  1290 689  1145 378  555 767  1392 256  552 152  740 709  1526 20  946 730  895 58  34 110  1479 619  860 733  993 379  1120 709  1530 776  340 254  1237 727  421 678  969 756  670 155  647 244  1318 719  67 284  429 429  800 220  593 479  1518 297  599 776  868 540  264 802  964 229  913 42  458 741  339 339  267 101  1324 157  1230 425  319 379  1072 648  1423 162  244 493  955 338  857 586  205 183  486 344  1185 615  275 90  490 506  99 204  890 533  368 260  1274 619  356 95  556 347  753 734  1444 827  764 130  71 323  1086 243  413 324  664 550  760 600  833 240  1541 437  1002 104  1398 98  414 574  40 34  356 508  721 228  1052 730  272 305  1089 595  1013 706  1029 69  519 651  594 445  24 123  228 438  74 52  1096 333  238 341  711 141  1180 655  1486 594  554 184  670 65  201 769  853 618  161 614  882 816  1015 379  880 241  339 793  336 719  1376 288  828 517  1054 299  942 699  1340 547  578 268  269 300  261 343  533 779  93 371  1272 701  607 502  475 367  839 434  1489 257  453 377  929 680  1328 237  993 323  283 788  1109 437  768 704  365 166  350 370  113 570  665 166  840 339  254 29  491 338  771 562  144 802  1528 390  910 688  1415 266  754 183  974 667  964 227  186 757  286 278  1172 306  257 223  381 177  1400 693  646 86  266 359  29 590  963 314  69 377  1063 413  1117 764  1237 622  1547 123  640 565  930 74  531 391  1353 339  391 493  1311 354  713 699  1402 685  774 81  53 68  522 469  799 614  655 704  980 488  584 248  1158 548  427 579  46 788  547 524  41 380  210 579  101 544  1246 543  863 97  127 629  140 737  711 533  601 210  828 229  223 256  777 730  1239 722  1317 665  799 491  73 528  952 761  687 162  96 820  120 475  1002 464  32 193  1248 416  1079 282  414 343  1197 39  1410 130  849 45  1413 108  935 627  1356 818  860 683  1489 714  860 830  895 378  887 640  457 656  385 377  998 66  750 695  663 401  1436 233  187 46  1190 518  371 716  576 434  702 20  1129 52  608 290  1145 410  524 706  1185 303  208 669  375 574  1309 515  722 791  135 814  176 68  1427 640  585 31  216 260  374 389  333 330  1115 724  953 46  890 476  1059 24  681 509  444 554  1499 665  1099 198  421 352  1366 419  415 698  555 230  1284 472  449 106  978 673  219 129  1350 91  651 134  915 271  858 98  212 476  873 367  245 667  93 398  768 406  1095 500  1527 827  458 108  677 166  1540 452  1017 293  1271 95  1325 357  803 389  310 570  944 279  1308 660  1417 311  1055 591  1480 144  1501 679  1009 129  842 667  1222 298  200 293  1222 578  1071 278  530 643  67 412  1103 634  1263 441  1063 663  1506 360  234 275  591 496  1171 238  406 488  493 613  208 426  978 391  

3
1 3 7 
3
0 3 7 
2
4 7 
5
0 1 7 25 46 
2
2 7 
3
6 7 12 
3
5 7 12 
29
0 1 2 3 4 5 6 12 15 22 23 25 26 27 29 33 34 35 36 37 46 64 66 111 117 143 200 247 312 
4
9 10 11 12 
4
8 10 11 12 
3
8 9 12 
3
8 9 12 
14
5 6 7 8 9 10 11 13 14 16 17 18 19 20 
1
12 
1
12 
2
7 21 
3
12 18 19 
1
12 
3
12 16 19 
3
12 16 18 
1
12 
2
15 25 
2
7 23 
2
7 22 
1
25 
8
3 7 21 24 28 30 32 46 
1
7 
2
7 34 
4
25 30 32 46 
2
7 33 
3
25 28 31 
2
30 32 
4
25 28 31 46 
2
7 29 
3
7 27 35 
3
7 34 37 
2
7 37 
3
7 35 36 
3
46 64 141 
7
44 45 49 54 60 61 143 
3
52 66 165 
1
46 
1
66 
1
66 
19
39 45 46 49 53 54 57 58 60 61 62 64 66 82 117 141 143 165 200 
8
39 44 49 54 61 62 66 143 
57
3 7 25 28 32 38 41 44 47 48 53 55 57 58 59 64 66 73 74 82 85 93 108 111 117 122 130 141 143 146 149 151 165 168 171 175 176 181 182 196 200 202 218 229 231 244 245 247 252 254 257 260 262 292 310 312 315 
3
46 48 64 
4
46 47 55 59 
10
39 44 45 54 60 61 62 66 143 165 
4
66 81 117 165 
1
66 
5
40 66 81 143 165 
7
44 46 57 58 59 64 82 
8
39 44 45 49 60 61 62 143 
6
46 48 57 58 59 64 
4
68 69 70 117 
8
44 46 53 55 58 59 64 82 
10
44 46 53 55 57 59 63 64 82 143 
8
46 48 53 55 57 58 63 64 
6
39 44 49 54 61 62 
10
39 44 45 49 54 60 62 66 143 165 
9
44 45 49 54 60 61 66 143 165 
3
58 59 64 
41
7 38 44 46 47 53 55 57 58 59 63 65 66 73 74 82 86 107 111 115 117 141 143 150 165 168 175 182 196 200 202 218 244 245 247 252 254 257 260 262 292 
4
64 86 115 150 
78
7 40 42 43 44 45 46 49 50 51 52 61 62 64 70 75 77 78 81 89 93 94 98 108 110 111 117 118 119 122 127 130 132 135 143 145 146 149 151 152 158 160 161 165 166 171 173 175 176 178 181 182 188 196 200 202 216 218 229 231 232 245 247 252 254 257 260 262 273 291 292 295 298 300 306 309 310 312 
6
79 95 108 117 124 146 
4
56 70 72 117 
3
56 111 117 
9
56 66 68 72 76 89 110 111 117 
7
95 117 145 146 151 161 176 
6
68 70 76 89 93 117 
5
46 64 74 115 200 
9
46 64 73 86 107 115 150 165 200 
6
66 81 97 117 141 143 
4
70 72 93 117 
3
66 78 117 
3
66 77 117 
10
67 100 108 117 145 146 151 161 175 176 
5
84 117 143 165 260 
11
50 52 66 75 105 117 129 139 143 165 181 
15
44 46 53 57 58 64 84 85 96 103 117 143 165 200 247 
2
111 117 
5
80 82 96 143 260 
3
46 82 143 
3
64 65 74 
1
117 
1
173 
9
66 70 72 93 111 117 151 165 181 
18
91 94 108 111 117 118 145 146 149 151 161 173 175 176 178 220 229 254 
20
90 94 108 111 117 118 142 145 146 149 151 161 173 175 178 181 220 229 254 298 
4
99 117 151 160 
34
46 66 72 76 89 98 108 111 117 130 145 146 151 158 161 165 171 175 178 181 200 216 218 229 231 247 254 257 260 262 298 300 309 310 
22
66 90 91 100 108 111 117 118 130 145 146 149 151 161 173 175 176 178 220 229 254 298 
7
67 71 117 146 151 161 176 
3
82 84 103 
2
75 143 
9
66 93 111 117 146 151 160 166 175 
7
92 110 111 117 136 151 160 
14
79 94 111 117 128 145 151 161 173 175 178 220 229 254 
4
106 117 119 181 
2
114 151 
3
82 96 143 
3
122 166 181 
6
81 117 119 139 165 181 
2
101 117 
4
64 74 115 200 
50
46 66 67 79 90 91 93 94 111 117 118 130 143 145 146 149 151 158 160 161 165 166 169 173 175 176 178 181 200 201 202 211 216 218 220 229 231 247 254 257 260 272 292 298 300 305 306 309 310 320 
2
151 161 
7
66 70 99 111 117 151 160 
70
7 46 64 66 69 70 83 89 90 91 93 94 98 99 100 108 110 117 118 122 124 125 130 135 136 143 145 146 148 149 151 156 158 160 161 165 166 169 171 173 175 176 178 181 188 200 201 202 211 216 218 220 229 231 247 252 254 257 260 262 291 292 295 298 300 304 305 306 309 310 
2
151 173 
1
117 
2
102 151 
6
64 65 73 74 107 150 
1
151 
139
7 44 46 50 56 64 66 67 68 69 70 71 72 75 76 77 78 79 80 81 82 83 87 89 90 91 92 93 94 95 98 99 100 101 105 106 108 110 111 113 118 119 124 125 126 127 128 129 130 132 133 135 136 138 139 142 143 144 145 146 147 148 149 151 152 153 154 156 157 158 160 161 162 163 165 166 167 168 171 172 173 175 176 178 180 181 182 185 188 190 191 196 197 200 201 202 203 211 215 216 217 218 220 221 224 228 229 231 232 239 245 247 248 249 252 254 255 257 259 260 262 272 273 275 283 287 291 292 295 296 298 300 304 305 306 309 310 312 320 
29
66 90 91 94 108 111 117 130 145 146 149 151 161 173 175 176 178 181 216 220 229 254 260 298 300 305 309 310 320 
8
66 101 105 117 129 165 181 257 
1
141 
1
162 
26
46 66 104 111 130 145 146 151 158 162 165 166 171 178 181 216 218 254 260 272 295 298 300 301 306 309 
2
137 200 
15
67 111 117 130 146 151 161 169 173 176 178 220 229 254 298 
8
111 117 136 151 160 175 181 216 
4
117 136 151 254 
9
66 117 132 141 151 165 181 257 260 
5
100 117 151 220 254 
9
81 117 119 144 147 159 165 181 257 
45
46 66 93 94 108 111 117 118 122 124 145 146 149 151 152 161 165 166 169 171 173 175 176 178 181 188 200 211 216 218 220 229 247 254 257 260 291 292 298 300 304 305 306 309 310 
4
151 173 229 254 
15
66 117 127 139 143 151 165 171 181 218 231 254 257 260 292 
2
117 135 
1
138 
5
66 111 117 133 151 
10
99 111 117 125 126 138 151 160 175 254 
3
123 182 200 
8
117 134 136 160 161 166 176 229 
6
81 105 117 132 165 181 
2
156 176 
17
38 44 46 64 75 120 127 143 165 171 197 215 224 228 232 260 292 
13
91 117 146 151 161 169 173 220 229 298 305 309 310 
59
7 39 44 45 46 49 52 54 58 61 62 64 66 75 80 81 82 84 85 97 103 108 111 117 132 141 149 161 165 167 168 171 175 176 180 181 182 196 200 202 212 215 218 224 232 244 245 247 249 252 254 257 260 262 273 291 292 296 298 
4
117 129 147 181 
50
66 71 79 90 91 93 94 100 108 111 117 118 122 130 146 149 151 158 160 165 166 167 171 173 175 176 178 181 188 201 211 216 217 220 229 231 236 254 259 260 283 291 292 298 300 304 305 306 309 310 
67
46 66 67 71 79 90 91 93 94 95 98 108 111 117 118 122 124 130 142 145 149 151 152 158 160 161 165 166 171 173 175 176 178 181 200 201 211 216 217 218 220 229 231 247 248 254 257 259 260 272 283 291 292 297 298 299 300 304 305 306 309 310 319 320 321 323 324 
6
117 129 144 157 165 181 
7
111 117 151 156 220 229 254 
46
46 66 90 91 94 108 111 117 118 130 143 145 146 151 158 161 165 166 173 175 176 178 181 200 201 211 218 220 229 247 254 257 260 262 291 295 298 300 305 309 310 319 320 321 323 324 
5
64 65 74 115 200 
94
46 66 71 79 89 90 91 92 93 94 95 98 99 100 102 108 109 110 111 112 114 116 117 118 122 124 125 126 127 128 130 131 132 135 136 142 145 146 148 149 155 156 157 158 160 161 165 166 169 171 173 175 176 178 181 182 185 186 188 190 191 197 200 201 209 211 214 216 217 218 220 221 229 231 232 247 251 254 255 257 260 262 283 287 291 292 296 298 300 304 305 306 309 310 
9
66 117 130 146 165 202 247 260 292 
4
117 163 170 181 
2
117 170 
1
151 
9
111 117 140 148 151 176 220 229 254 
6
117 147 151 160 170 181 
28
66 93 108 111 117 122 145 146 149 151 160 161 165 166 173 175 178 181 216 218 229 247 254 257 260 292 298 300 
2
129 181 
29
66 92 98 99 108 110 111 117 125 136 138 145 146 151 157 158 161 166 173 178 181 188 190 229 247 254 260 298 300 
62
66 71 79 90 91 93 94 95 100 108 109 111 117 118 124 130 138 142 143 146 149 151 158 160 165 166 171 173 175 176 178 181 200 201 211 216 217 218 220 229 231 236 242 247 248 251 254 257 260 272 283 287 291 292 298 300 304 305 306 309 310 320 
4
117 121 122 181 
3
117 153 181 
1
200 
85
40 44 46 49 50 52 61 62 64 66 74 80 81 82 89 93 105 108 111 117 119 122 127 129 130 132 139 141 143 145 146 147 149 151 152 158 161 166 167 168 171 172 173 174 175 176 180 181 182 183 196 197 200 202 205 212 215 216 218 224 229 231 232 241 244 245 247 249 250 252 254 257 260 262 273 275 287 291 292 295 296 298 300 310 312 
41
66 98 104 108 111 117 122 130 138 145 146 149 151 158 160 161 165 171 173 175 178 181 188 190 200 216 218 229 231 247 254 257 260 291 292 298 300 301 306 309 310 
7
117 143 145 165 247 257 260 
16
46 64 117 143 165 182 196 200 202 212 218 245 247 257 260 262 
6
108 111 124 130 142 151 
3
153 154 157 
35
46 66 93 111 117 122 130 132 141 143 145 146 151 161 165 166 173 175 178 181 197 200 215 216 218 224 229 231 247 254 257 260 262 292 298 
4
117 165 247 260 
53
66 88 90 91 94 100 108 111 112 117 118 124 130 131 142 145 146 149 151 158 160 161 165 166 171 175 176 181 200 201 203 211 216 217 218 220 229 247 254 257 260 272 283 291 292 298 300 304 305 306 309 310 320 
1
165 
61
46 64 66 79 90 91 93 94 98 100 108 111 117 118 125 130 136 143 145 146 149 151 158 161 165 166 171 173 178 181 188 191 200 201 211 216 217 218 220 221 229 231 232 238 247 254 255 257 260 262 270 283 291 295 298 300 304 305 306 309 310 
48
46 66 71 79 90 94 95 108 111 117 118 124 130 138 140 143 145 146 149 151 156 161 165 173 178 181 189 200 201 203 211 217 229 239 247 254 257 259 260 262 272 291 292 298 300 309 310 320 
1
200 
42
66 90 91 93 94 100 108 111 117 118 122 124 130 145 146 149 151 158 160 161 166 171 175 176 181 188 216 217 220 229 231 254 259 260 291 292 298 300 305 306 309 310 
1
181 
8
117 143 165 181 187 218 257 260 
94
46 66 81 89 91 93 101 104 105 108 111 117 118 119 122 125 127 129 130 132 139 143 144 145 146 147 149 151 153 157 158 159 160 161 162 163 165 166 171 173 175 176 178 179 180 188 190 191 194 195 197 200 202 205 206 208 210 211 215 216 218 219 220 221 224 225 229 231 232 238 245 247 249 252 254 255 257 260 262 273 283 291 292 295 296 298 300 304 305 306 309 310 312 320 
23
46 64 66 117 137 143 151 165 168 196 200 202 212 218 223 244 245 247 252 257 260 262 292 
4
165 254 260 292 
1
200 
4
117 151 191 229 
1
151 
1
180 
18
66 111 117 130 145 151 160 166 175 178 181 191 216 229 231 254 255 260 
3
176 201 229 
5
117 151 160 166 181 
10
117 151 175 181 185 188 203 216 221 254 
1
200 
1
220 
2
181 206 
1
181 
20
46 64 66 117 143 165 168 182 200 212 218 244 245 247 249 250 252 257 260 262 
12
117 141 151 165 171 181 205 215 218 231 257 260 
2
200 212 
1
212 
68
7 44 46 64 66 73 74 82 93 107 108 111 117 123 130 137 143 146 149 150 151 161 164 165 166 168 171 173 175 176 177 181 182 184 192 196 198 202 204 212 213 216 218 223 227 229 231 232 235 241 244 245 247 249 250 252 254 257 260 262 275 291 292 298 310 312 315 317 
19
108 111 117 145 146 149 151 161 173 175 176 189 203 211 216 220 229 254 260 
26
46 64 66 108 111 117 143 152 165 168 181 182 200 218 244 245 247 249 250 252 257 260 262 287 292 310 
7
117 173 176 191 201 217 229 
2
200 212 
6
165 181 197 208 238 260 
2
181 194 
1
257 
2
181 205 
1
151 
1
181 
19
108 111 117 130 145 146 149 151 161 173 175 176 181 201 216 220 229 254 260 
15
143 165 168 182 196 198 199 200 204 244 245 247 252 260 262 
2
200 247 
3
151 229 254 
16
117 141 143 165 171 181 197 224 231 238 254 257 260 261 292 295 
56
66 93 108 111 117 118 122 125 130 145 146 151 158 161 165 166 171 173 175 178 181 188 191 200 201 211 217 218 220 221 229 231 238 239 247 254 255 257 260 262 270 280 282 283 285 291 292 295 296 298 300 305 306 309 310 320 
18
117 145 146 151 161 173 175 176 178 203 216 220 229 234 248 254 260 298 
49
46 64 66 93 108 111 117 122 130 132 143 146 149 151 158 161 165 166 168 171 173 175 180 181 182 196 197 200 202 216 229 231 232 244 245 247 249 252 254 257 260 262 273 275 292 296 298 300 312 
3
181 225 260 
50
90 91 94 100 108 111 117 118 124 128 130 142 145 146 148 149 151 156 161 173 175 178 181 193 201 211 216 217 229 236 242 248 251 254 259 260 272 283 297 298 299 300 304 305 306 309 310 320 321 324 
10
117 151 175 181 191 216 229 231 254 260 
2
229 254 
4
182 200 241 260 
14
117 141 143 165 171 181 215 231 254 257 260 261 292 295 
3
181 219 260 
1
229 
2
200 235 
7
117 141 232 253 260 261 273 
87
46 66 90 91 93 94 100 108 111 117 118 124 130 131 138 142 145 146 148 149 151 156 158 160 161 165 166 171 173 175 176 178 181 185 188 189 200 201 203 211 214 216 217 218 220 221 222 226 231 233 234 236 237 238 239 242 247 248 251 254 255 257 258 259 260 262 271 272 280 283 285 286 287 291 292 294 296 297 298 299 300 304 305 306 309 310 320 
1
257 
44
46 66 93 108 111 117 132 145 146 151 161 165 166 171 175 178 181 188 197 200 215 216 218 221 224 229 238 239 247 254 255 257 260 282 284 287 291 295 296 298 300 306 309 310 
23
66 117 141 143 151 165 175 181 200 218 228 247 253 254 257 260 261 262 273 274 275 292 295 
2
229 254 
2
217 229 
2
200 227 
5
145 161 220 229 254 
1
229 
10
175 181 205 215 216 229 231 254 260 261 
8
117 176 216 229 231 254 255 260 
1
260 
7
165 200 223 244 247 250 260 
3
161 220 229 
1
247 
17
46 64 143 165 182 196 200 202 212 218 241 245 247 252 257 260 262 
23
46 64 66 117 143 165 168 181 182 196 200 202 212 218 244 249 252 254 257 260 262 292 312 
1
260 
59
7 46 64 66 82 93 108 111 117 130 143 146 149 151 152 158 160 161 165 166 167 168 171 172 173 175 176 181 182 196 200 202 212 213 216 218 229 231 232 241 243 244 249 252 254 257 260 262 273 275 291 292 298 300 310 312 315 317 330 
9
117 146 161 217 220 229 254 258 259 
14
117 143 165 181 196 200 202 218 245 247 257 260 262 273 
7
165 196 200 202 241 257 260 
4
151 161 220 229 
22
46 64 66 111 117 143 165 181 182 196 200 202 212 218 244 245 247 254 257 260 262 292 
6
228 232 260 261 275 287 
101
46 64 66 90 91 93 94 100 108 111 117 118 122 124 126 128 130 131 132 136 143 145 146 148 149 151 156 158 160 161 165 166 171 173 175 176 178 181 183 188 191 200 201 211 214 215 216 217 218 220 221 222 224 229 231 232 233 236 238 239 245 247 248 252 255 257 258 259 260 262 264 265 266 270 271 272 275 280 282 283 285 286 287 288 291 292 294 295 296 297 298 299 300 304 305 306 309 310 312 320 321 
17
117 151 175 181 188 216 229 231 239 254 260 266 270 271 291 295 298 
1
260 
60
46 64 66 93 108 111 117 119 127 129 130 132 143 146 149 151 158 161 165 166 167 168 171 173 175 176 180 181 182 196 197 200 202 207 215 216 218 224 229 230 231 232 244 245 247 249 250 252 254 260 262 263 273 275 287 292 295 296 298 312 
4
229 248 254 272 
11
117 145 146 176 178 220 229 248 254 272 283 
118
46 64 66 80 84 93 108 111 117 118 122 127 130 132 141 143 145 146 149 151 152 158 160 161 165 166 167 168 171 172 173 175 176 178 180 181 182 183 188 196 197 200 201 202 205 211 212 215 216 217 218 219 220 221 223 224 225 228 229 231 232 238 239 240 241 244 245 246 247 249 250 252 253 254 255 256 257 262 265 266 267 268 269 270 272 273 274 275 276 277 278 279 280 281 282 283 285 287 289 290 291 292 293 295 296 298 300 302 303 304 305 306 307 308 309 310 312 320 
13
215 224 228 232 238 253 274 275 287 291 292 295 296 
36
46 64 66 93 111 117 143 149 151 165 168 171 175 176 181 182 196 200 202 212 216 218 229 232 244 245 247 249 252 254 257 260 275 292 310 312 
1
257 
1
254 
7
254 260 266 270 271 280 285 
7
254 255 260 265 270 280 282 
1
260 
2
260 269 
2
260 268 
9
175 216 254 255 260 265 266 280 282 
5
229 254 255 265 282 
17
108 117 122 146 161 173 176 220 229 254 258 259 260 283 298 321 324 
13
66 117 143 165 181 218 228 232 247 249 257 260 292 
6
232 260 261 275 287 295 
17
117 165 200 218 232 247 253 254 257 260 261 262 274 287 292 295 296 
1
260 
1
260 
1
260 
1
260 
10
216 229 254 260 265 266 270 282 285 292 
1
260 
9
216 231 254 260 266 270 271 280 292 
22
117 145 146 151 161 173 175 181 216 220 229 254 259 260 272 285 292 297 298 299 305 310 
1
231 
10
216 229 254 260 265 280 283 292 298 300 
5
229 254 298 300 310 
18
117 151 161 165 202 229 231 253 254 257 260 261 274 275 292 295 296 307 
1
254 
2
260 292 
1
260 
33
66 111 117 130 143 145 146 149 151 161 165 166 173 175 176 178 181 200 216 229 231 247 254 255 260 261 292 295 296 298 300 309 310 
62
46 64 66 108 111 117 130 132 141 143 145 146 151 152 158 161 165 166 171 173 176 178 181 182 183 200 202 215 216 218 224 229 232 245 247 252 254 257 260 261 262 273 275 280 282 283 285 287 289 291 295 296 298 300 302 304 305 306 307 308 309 310 
1
260 
2
229 254 
27
66 111 117 122 149 165 175 181 215 216 224 231 232 254 255 257 260 261 274 275 287 291 292 296 302 307 310 
19
117 143 151 165 181 216 218 229 231 254 257 260 261 275 287 291 292 295 307 
7
146 220 229 254 283 298 299 
56
66 91 93 94 108 111 117 118 122 124 130 142 143 145 146 149 151 158 160 161 165 166 171 173 175 176 178 181 200 216 217 218 220 229 231 247 254 255 257 260 272 283 285 286 291 292 297 300 304 305 306 309 310 320 321 324 
8
146 220 229 254 283 297 300 306 
42
66 93 108 111 117 118 122 130 145 146 149 151 158 160 161 165 166 173 175 176 178 181 216 218 220 229 231 247 254 260 285 286 291 292 298 299 304 305 306 309 310 320 
3
122 166 309 
3
260 292 295 
1
260 
19
111 117 130 145 146 151 161 173 175 181 220 229 254 260 292 298 300 306 310 
27
108 111 117 118 130 142 145 146 149 151 161 173 175 178 181 216 220 229 254 260 283 292 298 300 306 309 310 
29
66 108 111 117 122 130 145 146 151 161 166 173 175 178 181 216 220 229 231 254 260 292 298 299 300 304 305 309 310 
5
260 287 292 295 296 
2
260 292 
34
66 93 108 111 117 118 122 130 142 145 146 149 151 161 166 173 175 176 178 181 216 220 229 231 254 260 291 292 298 300 301 305 306 310 
47
46 66 93 108 111 117 118 130 142 145 146 149 151 161 165 166 173 175 176 178 181 200 202 216 220 229 231 247 254 260 262 283 286 291 292 295 298 300 304 305 306 309 319 320 321 323 324 
3
312 315 317 
24
7 46 66 117 165 181 200 218 245 247 254 257 260 262 311 313 314 315 316 317 318 325 328 330 
3
312 315 316 
3
312 315 316 
10
46 200 247 311 312 313 314 316 317 318 
4
312 313 314 315 
6
200 247 311 312 315 318 
3
312 315 317 
4
146 149 310 323 
21
108 117 118 146 149 161 173 176 181 216 220 229 254 260 298 300 310 321 322 323 324 
9
146 149 220 254 272 298 310 320 324 
1
320 
5
146 149 310 319 320 
8
146 149 220 272 298 310 320 321 
1
312 
4
327 328 329 331 
2
326 328 
4
312 326 327 329 
2
326 328 
2
247 312 
1
326 
