297
591 255  304 417  1058 490  499 679  89 133  995 738  743 265  67 639  293 333  1189 195  348 364  50 77  746 463  374 204  291 612  856 501  1472 486  62 805  644 523  1233 157  1255 593  201 504  935 701  1134 621  1546 47  1320 73  832 545  614 125  456 670  777 640  117 472  190 525  1485 578  962 370  1367 42  783 710  761 479  241 755  746 614  256 520  1189 425  546 449  176 260  748 533  1192 825  112 229  1027 510  66 310  1094 604  1443 696  1110 94  503 316  89 236  696 454  285 520  1434 785  49 523  61 306  483 685  631 728  601 357  902 554  98 82  534 466  954 178  97 557  1465 374  753 773  1346 169  164 222  1519 157  1378 793  421 291  1260 825  443 675  671 359  575 536  183 360  673 673  216 400  1498 806  445 706  1235 173  365 154  819 807  1126 296  343 700  1323 667  1246 585  1513 542  1275 248  1148 770  1000 76  692 100  30 106  647 247  1366 317  785 763  1048 346  1081 46  1286 230  1425 295  469 697  842 70  1334 140  1046 444  814 218  730 187  1533 673  995 177  399 741  283 563  819 483  1259 353  683 613  128 38  212 522  1428 822  135 314  1230 427  1433 45  1016 347  215 409  1481 458  713 583  1317 219  458 38  1144 603  937 242  593 452  1384 304  1546 500  1290 637  856 393  642 102  96 65  554 305  440 340  337 506  477 209  36 561  566 162  996 780  523 48  142 469  867 64  899 126  340 712  342 819  598 690  1481 793  99 94  348 672  1160 809  30 296  184 377  765 284  1391 738  236 421  1455 117  286 47  427 409  1146 70  699 438  692 745  304 652  444 31  1237 756  661 44  939 239  933 111  832 199  1124 635  321 103  256 94  602 23  878 227  952 384  954 770  917 75  1361 296  958 508  241 684  1176 410  78 133  731 506  410 666  841 712  1520 533  1238 399  23 36  1018 114  1340 294  1132 339  1439 193  124 201  954 535  180 332  189 688  545 405  1437 407  70 213  171 663  685 348  973 438  162 741  1047 87  798 355  597 715  1440 383  1035 271  814 508  403 827  156 423  528 134  964 413  888 537  506 396  1505 280  1013 456  45 388  1020 125  1180 384  482 632  101 824  101 508  107 751  1037 565  1495 228  647 271  1003 445  397 456  295 613  239 697  889 799  1157 485  1095 675  1193 552  1033 641  129 448  1118 760  166 111  1342 560  747 785  1196 686  25 148  1354 511  1129 710  126 753  1379 603  1291 392  1085 680  1258 282  403 613  76 441  1363 446  863 370  121 149  1347 164  890 341  129 722  1295 481  659 327  1283 689  368 101  747 87  900 643  670 96  1120 400  796 638  758 544  615 76  1277 736  194 627  991 97  1329 161  720 660  120 608  126 777  512 263  308 87  970 439  593 307  876 508  1523 24  1288 741  772 336  1124 336  1329 240  1386 731  831 488  695 447  1143 771  796 173  134 383  1464 60  217 584  

11
1 2 3 4 5 6 7 8 9 134 201 
29
0 7 10 12 72 74 84 115 129 130 131 16 101 102 108 113 116 124 127 135 136 138 140 141 142 193 195 214 241 
74
0 4 8 12 67 86 118 125 151 152 153 154 155 156 157 158 159 160 161 162 163 164 165 166 167 168 169 173 175 176 177 178 179 180 181 182 183 184 185 186 7 16 20 21 63 72 84 87 89 98 99 101 109 111 114 121 129 170 172 193 194 201 203 204 207 212 220 224 225 226 239 248 255 257 
52
0 12 117 125 151 154 155 159 160 161 162 168 173 178 179 180 182 186 189 195 196 197 5 7 8 11 14 27 31 50 58 62 63 65 82 86 90 91 92 93 98 101 106 108 111 114 137 172 213 216 224 239 
54
0 2 118 151 154 155 159 160 161 162 168 172 173 174 178 179 180 182 189 195 196 197 8 9 14 15 18 31 41 52 53 67 71 76 82 84 87 90 92 99 102 108 109 119 125 137 149 187 203 204 207 213 224 226 
14
0 3 8 10 11 12 13 14 9 59 70 103 127 201 
36
0 23 25 27 34 35 43 46 47 48 50 72 73 74 75 77 88 94 7 13 30 52 59 91 99 103 105 107 108 109 110 111 135 137 201 209 
18
0 1 2 3 6 59 73 9 31 58 60 82 90 91 99 107 130 134 
20
0 2 5 3 4 14 36 102 103 108 193 213 214 235 63 65 67 123 195 203 
17
0 4 5 7 24 103 108 213 218 236 52 63 67 105 111 193 195 
13
1 5 13 14 102 124 138 142 208 115 126 135 136 
11
5 3 12 13 14 118 54 65 100 103 137 
77
1 2 3 5 11 16 84 117 151 152 153 154 155 156 157 158 159 160 161 162 163 164 165 166 167 168 169 170 171 172 173 174 175 176 177 178 179 180 181 182 183 14 20 21 63 67 85 86 91 93 95 111 116 119 125 129 130 131 132 137 138 184 193 194 201 203 211 224 226 239 241 247 255 256 257 258 261 
32
5 10 11 6 23 34 35 43 46 47 48 73 74 75 77 88 209 14 53 59 63 65 70 100 102 103 114 116 120 137 138 201 
24
5 8 10 11 3 4 12 13 75 86 114 118 18 53 54 59 60 71 76 90 127 132 134 193 
15
4 16 17 18 19 20 21 22 23 24 25 26 59 90 216 
19
12 15 1 2 19 22 73 84 92 98 113 114 115 116 117 118 119 120 241 
10
15 22 23 41 44 53 18 19 42 70 
16
15 4 14 17 23 35 43 47 51 71 72 73 74 75 76 63 
11
15 16 17 20 22 46 59 70 80 62 100 
19
15 19 2 12 73 74 75 89 130 132 209 210 27 58 62 65 68 71 121 
21
15 2 12 73 74 75 77 85 106 27 32 52 55 57 58 68 69 71 83 121 239 
15
15 16 17 19 55 26 40 42 54 56 59 70 71 101 116 
20
6 13 15 17 18 44 46 41 43 48 50 53 58 68 75 82 90 91 209 240 
7
9 15 44 48 58 63 241 
6
6 15 190 83 93 209 
7
15 22 44 49 51 64 70 
19
6 3 20 21 28 29 30 31 32 33 34 35 36 37 38 39 59 90 240 
6
27 114 122 110 134 150 
10
27 30 33 35 44 50 31 32 42 91 
11
27 29 6 32 33 38 49 51 52 59 64 
21
27 3 4 7 29 35 45 46 47 48 49 58 66 73 74 75 77 67 90 121 211 
11
27 30 21 29 33 43 49 59 81 52 66 
14
27 29 30 32 68 38 42 45 52 57 59 61 106 205 
12
6 13 27 37 43 44 47 72 74 112 63 77 
17
6 13 18 27 29 31 43 44 47 50 55 56 76 77 83 91 216 
9
8 27 44 49 93 68 71 236 241 
6
27 34 190 52 69 213 
9
27 30 33 43 44 49 50 64 66 
10
27 59 92 127 134 145 148 149 150 225 
8
22 41 42 43 44 54 56 71 
14
17 40 4 23 43 44 46 47 48 49 62 63 71 83 
24
40 17 22 29 33 45 84 86 98 119 137 167 168 172 173 185 218 232 77 125 171 184 206 217 
17
6 13 18 32 34 35 38 40 41 23 44 50 71 76 87 91 93 
134
17 23 24 26 29 34 35 36 38 40 41 43 45 46 47 48 49 50 51 56 60 61 64 73 74 75 77 85 87 89 93 96 97 104 112 130 132 133 142 151 152 153 154 155 156 157 158 159 160 161 162 163 164 165 166 167 168 169 175 176 177 178 179 180 181 182 183 187 188 189 191 192 195 196 197 199 200 202 204 207 209 210 214 219 221 227 230 231 232 233 234 237 238 244 245 246 249 250 251 253 254 262 263 264 265 266 267 268 269 270 271 272 273 274 275 276 277 278 279 280 281 282 283 284 285 286 287 288 289 290 291 292 293 294 
8
31 42 33 44 46 50 57 58 
16
6 13 19 23 31 41 45 44 79 50 53 58 61 82 87 209 
20
6 13 18 31 34 41 35 44 48 214 50 62 63 66 69 87 90 93 130 132 
23
6 13 24 31 41 47 23 44 213 50 52 62 67 69 87 90 92 93 130 132 209 210 214 
14
26 30 31 32 36 38 41 44 54 57 59 61 62 70 
17
6 29 38 3 23 35 43 44 45 46 47 48 51 52 58 66 69 
10
18 26 30 50 44 54 56 57 66 70 
17
30 50 4 6 9 21 32 33 37 48 84 86 99 69 87 103 105 
11
17 4 13 14 23 46 59 75 78 86 90 
8
11 14 22 40 49 51 55 56 
8
22 54 21 35 78 59 62 71 
8
54 22 35 40 44 51 71 225 
9
21 33 45 49 51 58 59 60 61 
23
31 57 3 7 20 21 23 24 45 46 50 61 68 69 82 85 87 88 95 59 67 90 240 
32
7 19 30 32 53 57 5 6 13 14 15 22 27 33 39 49 55 58 64 66 68 71 91 99 102 105 108 62 63 67 70 195 
8
57 7 14 44 61 85 89 96 
9
57 58 33 44 46 49 60 82 95 
12
3 19 20 41 47 48 49 55 59 63 64 65 
26
62 2 3 8 9 12 13 18 24 34 41 47 59 71 81 83 85 93 94 101 129 209 215 225 67 95 
13
26 30 38 59 62 44 74 66 70 104 112 195 209 
12
62 3 8 11 13 20 84 98 83 93 103 201 
11
31 59 32 38 47 50 51 64 67 68 69 
21
2 66 4 8 9 12 31 48 58 59 63 87 98 106 118 129 212 218 224 95 206 
9
33 58 59 66 20 21 23 36 79 
12
58 66 21 37 47 48 50 52 86 87 88 89 
10
19 5 13 17 22 26 49 51 59 64 
21
18 59 63 4 14 20 21 22 36 40 41 43 55 56 76 83 89 90 93 94 216 
16
1 6 18 34 2 93 114 130 132 214 95 112 133 137 213 222 
18
6 7 13 16 18 20 21 31 44 75 76 82 90 114 130 209 212 218 
19
1 6 13 18 20 21 31 34 64 44 76 77 82 90 130 132 211 218 236 
15
6 13 14 18 20 21 31 53 73 23 44 209 90 106 218 
8
18 71 4 14 35 43 73 74 
15
6 13 21 31 34 35 42 44 74 90 91 101 132 235 236 
7
53 55 190 91 93 125 206 
5
46 68 190 91 172 
2
19 190 
3
32 63 190 
9
58 61 3 4 7 23 46 73 74 
9
63 71 21 25 35 41 65 84 85 
53
1 12 16 42 52 65 83 2 4 86 118 142 151 152 155 156 157 158 163 175 180 187 188 189 190 98 101 106 111 116 117 119 120 121 123 125 129 130 132 137 172 193 199 201 202 203 205 206 213 215 224 226 241 
15
21 58 63 83 12 44 60 211 108 120 137 195 198 218 235 
53
2 14 42 52 53 69 84 3 12 117 151 152 155 156 157 158 163 175 180 187 188 189 190 191 87 93 98 101 106 109 110 111 114 118 119 121 125 129 130 132 149 172 198 199 201 203 204 205 206 207 215 224 241 
21
58 67 69 2 4 43 44 46 47 48 52 86 103 106 109 117 119 236 142 150 214 
6
6 13 58 69 190 240 
12
20 69 71 2 44 60 212 102 105 123 137 236 
26
53 71 3 4 7 14 15 23 27 31 47 48 58 73 74 75 77 91 130 132 187 213 218 119 125 239 
13
59 90 3 6 7 12 23 29 35 43 77 78 79 
5
16 3 4 39 48 
22
36 63 71 72 3 12 25 43 44 47 48 65 78 86 101 104 114 141 216 235 131 145 
4
6 63 71 190 
16
58 12 61 63 67 72 119 125 142 172 198 204 207 240 241 206 
7
44 60 97 125 127 172 206 
17
96 44 166 221 227 165 167 176 177 187 195 250 251 253 254 278 280 
30
16 42 65 67 2 3 84 86 118 119 125 145 172 186 191 198 202 206 207 101 121 123 150 184 204 205 215 225 226 256 
10
52 59 2 4 6 7 107 105 134 137 
9
11 13 19 101 102 103 104 116 120 
17
63 93 100 1 2 3 22 77 84 86 98 114 132 224 113 203 208 
20
8 10 59 100 1 4 13 89 104 113 114 132 135 136 137 103 120 142 191 208 
21
8 9 87 100 5 6 11 13 52 65 102 108 137 191 201 105 110 116 123 139 198 
11
93 100 102 44 64 131 222 123 137 149 223 
17
59 6 9 52 89 99 103 106 107 108 109 110 111 112 135 139 198 
14
21 67 87 105 3 33 75 84 86 119 130 209 109 122 
11
99 105 6 7 108 139 191 115 124 128 135 
20
8 9 59 103 105 107 1 3 4 6 85 112 114 122 130 137 110 139 142 191 
17
87 105 2 4 6 86 106 111 114 117 118 122 142 121 143 191 205 
10
105 6 28 86 103 108 112 139 191 198 
22
105 109 2 3 6 9 12 84 86 125 130 145 172 187 190 193 198 201 233 195 205 226 
11
34 105 108 110 44 64 72 223 137 198 222 
16
16 102 1 101 115 124 140 141 149 191 215 116 127 135 138 145 
33
14 16 28 72 93 101 102 108 109 2 3 13 73 86 130 131 132 133 115 120 121 122 124 129 135 138 142 147 193 195 210 224 239 
15
1 16 113 10 107 114 122 124 126 128 138 139 121 127 136 
15
16 1 12 13 22 84 100 103 113 117 118 132 141 142 191 
49
3 12 16 86 87 109 116 84 118 125 151 152 153 156 157 159 160 161 162 163 166 167 170 173 176 178 179 181 182 186 192 193 194 119 121 129 142 149 172 184 191 198 201 224 226 255 256 257 261 
53
2 4 11 14 16 67 84 98 109 116 117 86 151 152 153 156 157 159 160 161 162 163 166 167 172 173 174 176 178 179 181 182 184 192 193 194 121 123 125 129 149 150 170 201 203 204 207 216 220 224 226 228 257 
29
16 42 87 95 98 106 4 12 84 86 90 117 123 125 142 148 172 174 199 204 205 130 149 170 191 198 201 207 220 
10
16 13 84 85 100 102 114 142 191 208 
16
2 20 21 31 84 86 98 109 114 115 117 118 122 123 124 125 
15
28 108 109 115 121 106 114 124 139 205 138 143 147 148 150 
21
119 121 8 84 89 98 103 104 118 145 198 200 201 202 203 149 199 215 228 229 259 
12
10 113 115 121 122 1 107 114 138 135 136 143 
51
2 3 95 98 111 117 119 121 4 12 42 78 84 86 90 96 118 137 151 154 160 168 169 171 172 184 187 192 232 253 254 256 262 263 264 265 266 267 177 201 205 206 216 217 224 225 226 248 255 257 258 
4
115 10 127 208 
9
126 1 5 14 39 96 113 115 140 
4
115 107 134 139 
14
1 63 67 2 12 84 86 114 117 118 137 224 172 239 
29
1 20 72 90 106 108 111 114 7 12 44 47 48 73 74 84 86 119 210 211 212 213 131 137 142 198 205 215 218 
12
1 104 114 12 93 130 132 133 209 218 223 225 
25
20 72 90 101 102 114 116 131 12 14 44 47 48 74 77 84 86 210 211 212 133 191 213 215 218 
16
114 44 72 131 132 173 178 179 196 197 200 214 219 137 202 224 
8
0 7 14 28 39 99 128 135 
15
102 134 1 6 10 105 107 113 114 124 138 136 139 143 208 
8
102 1 10 115 124 135 138 141 
46
42 102 103 108 125 129 3 4 6 11 12 13 72 84 85 89 99 104 112 130 133 168 169 177 185 192 201 211 212 232 253 254 171 172 213 217 218 224 228 229 241 247 248 258 259 261 
12
10 115 124 135 136 1 12 13 113 114 122 143 
11
107 115 122 103 105 108 110 128 135 205 147 
6
113 1 127 141 149 208 
10
93 113 116 136 140 1 144 149 145 191 
37
10 84 95 109 119 1 44 87 102 108 114 116 117 120 130 148 157 163 164 169 173 181 182 186 191 202 204 205 238 244 245 146 150 199 261 282 284 
5
109 122 124 135 138 
2
141 145 
22
98 111 123 144 39 93 113 141 187 191 193 195 200 219 149 199 202 218 226 228 229 284 
5
142 147 148 150 191 
6
146 114 122 139 150 148 
18
119 142 146 39 122 147 187 193 195 199 200 205 219 198 203 213 226 245 
17
113 141 4 39 86 104 117 118 119 123 140 145 198 199 202 215 216 
13
147 28 39 87 98 118 122 142 146 191 199 202 205 
15
2 3 4 12 84 86 117 118 125 44 159 200 172 187 230 
11
2 12 84 86 117 118 44 165 249 268 253 
12
2 12 117 118 44 161 166 167 227 249 177 253 
10
2 3 4 12 125 44 160 197 172 230 
11
2 3 4 12 84 86 44 161 189 197 232 
10
2 12 84 86 117 118 44 189 231 168 
13
2 12 84 86 117 118 142 44 162 231 234 191 192 
9
2 12 84 86 44 163 234 269 192 
12
2 3 4 12 117 118 151 44 197 200 206 219 
15
2 3 4 12 117 118 125 154 44 189 197 200 219 172 187 
13
2 3 4 12 117 118 153 155 44 162 189 231 233 
14
2 3 4 12 117 118 157 161 44 163 231 234 269 275 
15
2 12 84 86 117 118 142 158 162 44 164 269 271 276 191 
10
2 12 142 163 44 165 268 273 276 272 
10
2 12 152 164 44 97 166 227 249 277 
15
2 12 97 117 118 153 165 44 167 221 227 177 195 226 228 
14
2 12 42 117 118 153 166 44 97 221 227 177 250 259 
16
2 3 4 12 42 125 137 44 156 189 231 233 234 269 275 172 
15
2 12 125 137 142 44 234 269 270 271 272 273 276 277 172 
12
12 117 2 118 119 207 255 256 172 177 194 258 
11
12 125 42 137 185 190 213 217 246 202 218 
52
4 12 42 95 98 111 118 119 125 2 3 79 84 86 96 117 129 137 151 154 160 168 169 170 185 187 192 201 220 232 253 254 262 263 264 265 266 267 177 184 203 204 205 206 207 216 226 240 247 257 259 261 
12
2 3 4 12 42 117 118 133 142 178 187 191 
6
4 12 118 119 190 187 
8
2 12 84 86 44 176 277 246 
11
2 12 117 118 175 44 97 177 227 249 226 
22
2 12 137 176 44 97 125 153 166 167 170 172 183 221 253 220 254 255 256 257 258 259 
15
2 3 4 12 117 118 133 173 44 179 197 200 219 196 237 
14
2 3 4 12 117 118 133 178 44 180 189 197 219 233 
11
2 3 4 12 84 86 179 44 181 231 233 
11
2 12 117 118 142 180 44 182 231 234 275 
12
2 3 4 12 117 118 142 181 44 188 275 191 
5
2 12 177 44 284 
11
2 118 125 12 42 98 117 172 194 256 259 
12
2 42 137 171 172 190 217 218 246 199 213 261 
7
2 3 98 117 142 190 191 
26
84 86 90 111 125 145 148 172 4 44 97 151 160 173 174 199 219 220 221 195 202 203 204 207 245 284 
8
84 86 182 44 269 271 276 279 
18
3 4 84 86 155 156 160 161 168 179 44 237 204 207 230 232 233 245 
31
25 37 78 79 80 81 84 86 88 94 111 171 174 185 186 195 203 204 207 213 217 218 224 226 242 243 247 248 252 295 296 
31
86 98 103 107 113 142 145 150 44 102 108 109 110 116 117 119 120 132 141 146 157 163 173 182 186 202 215 238 244 225 260 
14
117 118 125 137 172 44 157 158 231 234 269 271 275 276 
21
8 111 117 118 145 148 1 2 9 12 14 84 114 195 210 213 214 218 203 244 283 
9
117 118 184 2 12 170 204 226 207 
26
3 4 145 148 193 1 8 9 44 59 64 85 97 111 114 166 187 190 210 213 214 218 250 226 244 283 
7
3 4 133 44 178 200 219 
15
3 4 133 154 155 159 160 178 179 44 237 219 230 232 245 
20
95 98 111 123 149 85 86 103 105 110 112 117 119 130 148 199 200 205 225 228 
20
119 148 149 150 187 198 44 84 86 123 142 145 185 202 226 227 204 207 244 283 
16
123 133 145 148 151 159 160 178 196 198 44 219 230 238 245 282 
19
103 111 123 137 172 0 2 5 6 12 13 65 84 86 117 118 119 125 203 
19
98 123 142 149 150 191 199 44 84 133 145 171 187 226 227 205 228 244 283 
19
123 201 2 4 8 12 84 86 101 118 148 172 187 190 193 233 215 218 226 
28
95 119 142 194 2 4 44 86 98 118 172 187 189 190 199 205 207 219 220 221 225 226 231 233 238 245 252 250 
19
119 122 139 142 148 150 204 33 84 86 98 109 111 125 130 172 198 202 207 
14
98 42 67 78 84 86 95 96 125 159 172 225 213 217 
27
95 98 170 204 2 4 44 86 118 119 172 187 189 190 194 199 205 219 221 226 231 233 238 245 252 256 225 
7
10 101 102 120 126 135 140 
14
13 20 63 75 106 6 23 25 44 46 48 64 73 131 
11
20 130 132 193 195 44 48 114 213 218 211 
9
85 130 132 137 12 31 74 210 235 
8
67 89 130 132 137 2 73 236 
22
8 9 48 90 130 171 193 195 210 3 4 37 72 84 132 137 148 185 190 206 217 214 
13
8 47 72 133 193 195 1 44 48 87 213 218 239 
12
63 113 149 191 84 86 98 123 130 132 203 216 
12
93 149 215 3 15 35 71 118 125 172 225 239 
9
171 185 213 42 125 137 190 206 218 
22
9 42 67 90 185 193 195 210 214 73 74 75 85 130 131 132 137 145 171 190 203 217 
19
133 145 148 160 178 179 187 196 200 204 207 44 159 197 230 232 237 245 282 
9
172 187 204 2 118 119 177 252 256 
9
97 166 167 177 187 204 207 44 284 
3
104 72 112 
3
112 104 131 
16
67 101 129 2 3 4 12 84 86 114 117 118 125 133 137 190 
13
63 204 206 216 2 39 56 98 125 131 191 198 207 
24
194 199 202 204 207 2 4 12 84 98 111 117 118 125 145 148 166 172 176 190 195 203 228 229 
11
97 153 165 166 167 176 199 202 44 253 284 
11
226 118 123 137 145 166 198 202 229 255 257 
7
226 228 123 137 145 255 257 
8
44 151 154 189 197 200 219 231 
16
156 157 161 162 168 180 181 192 204 207 230 44 232 233 238 245 
12
42 125 137 172 44 155 189 197 219 231 233 234 
18
111 161 168 179 180 203 204 207 232 44 189 231 237 238 245 262 263 284 
11
157 158 162 168 169 181 192 232 44 245 275 
5
8 93 77 85 211 
7
9 87 36 74 77 89 212 
7
189 197 44 178 219 233 238 
11
142 191 204 207 237 44 200 231 233 245 282 
9
216 2 3 12 21 90 114 129 214 
6
95 23 27 58 88 172 
9
95 1 12 16 24 36 84 86 137 
1
190 
1
190 
10
142 191 44 193 195 199 202 245 283 284 
22
142 204 207 244 44 148 187 189 197 200 219 231 233 234 238 252 269 271 275 276 282 283 
8
171 185 44 175 268 273 277 279 
5
12 137 172 190 248 
5
247 2 125 137 190 
8
152 153 165 176 44 253 277 284 
5
195 44 97 167 204 
2
44 97 
6
204 207 220 245 190 256 
12
125 137 172 177 44 97 152 153 227 249 268 273 
6
125 137 172 44 97 177 
9
170 228 229 2 12 117 125 177 257 
10
125 170 184 207 220 12 98 117 177 252 
10
228 229 255 2 12 117 118 125 172 177 
6
12 125 137 170 177 259 
7
123 137 167 172 177 184 258 
1
191 
6
12 117 137 142 172 185 
4
125 172 44 233 
5
125 172 44 233 275 
4
125 172 44 275 
5
125 172 44 275 276 
4
125 172 44 276 
5
125 172 44 276 277 
9
152 164 246 253 44 274 277 278 284 
12
158 162 163 168 169 188 192 245 44 270 275 278 
4
169 44 269 271 
11
163 169 188 192 245 270 44 272 276 278 284 
5
169 44 164 271 273 
10
164 169 246 253 272 44 274 276 278 284 
4
44 268 273 278 
13
162 168 181 182 192 245 263 264 265 44 234 269 284 
15
163 164 169 188 192 245 265 266 267 44 271 273 279 283 284 
12
169 175 246 267 44 165 249 268 278 280 281 284 
8
44 97 268 269 271 273 274 277 
4
188 44 246 276 
3
44 97 277 
2
44 277 
6
245 44 142 200 219 238 
8
244 245 44 193 195 199 202 276 
16
44 142 145 183 187 221 227 233 244 249 268 271 273 275 276 277 
1
44 
1
44 
1
44 
1
44 
1
44 
1
44 
1
44 
1
44 
1
44 
1
44 
1
190 
1
190 
